933396055508574208
916235154405937153
4878825543
907587974023598080
576426541
1074291480326475776
891704808922648576
734987845098737664
1066913593910861824
1075165387929645057
1054629661924319232
2809788193
857376141765562369
443952760
268500569
1074680195435651072
799233546124754944
1064196814444871681
2402671825
499580139
980092895368765441
1382668568
803826693664280576
1068231042459418627
863360935150452736
1286824388
943477721459552256
1916501557
340677940
1069487356032544768
950367114585628672
1048553830919655424
978186686055280640
2549392038
2363864281
706571844401426432
1039454721822666752
863079552641368065
980692312803209216
852458186
2840022714
2375021905
3872817861
1063361768439889920
725760414127144960
768144664151072768
602933929
1068578535974100993
2201440890
788816059465867264
1068535918800355329
1073114996937277440
341367267
1068412256847839232
2473466606
2861014143
3090815550
137634639
4149123740
3239019437
603613485
978939473978413056
850610274495234049
714897362225905664
1053158788029648898
869909284284452864
1039804865952849920
719573320748965888
1069670835001155591
2583801176
2189152323
1073823351607574528
3147716086
293566520
938041252418908161
721344141733556224
189329740
1069912624601722880
982333515432972288
847163015900418048
774912349392211968
842039486
4268762895
983985588742311937
612102249
2409383444
958307286140801024
2558063334
888013433102315522
780878173
1058743093070123008
807918341130174464
863704706
449007301
1317990446
2492954274
148649453
1066240335628681216
201315562
1068242606214299649
4554694173
1974884438
1072439930561933312
1073951998867849216
599230857
2956385380
9403992
931814973910802434
1072871959837331456
819988577669042178
1044104741909868544
938292293043458048
1068478316011761665
881562957934714881
2471273922
2844209276
4868396349
885355445422096384
1051070551232577536
964534074055581698
559612823
390012591
83696712
773237594
1071670015177486336
4624008143
360916730
1016627514381398016
2854701239
991229176677052418
1056188207224799232
1058331360115470337
1072769329408733184
3233008769
2414873234
3143016413
751879888777478145
980348967237111808
999028378123546625
4371559587
943139360
1066796117566853120
2818941519
438319492
614438784
2406198370
90707207
1161358962
1054570048721948672
899946412246523904
3306752914
2231599885
3124968585
985734703327084544
1047871289334091776
493897297
951836478866382850
1054426952608702464
978938255868653568
1073203819595616256
811246230567288832
1034140246869532673
960030918848253953
939851122847739905
2488653835
1072784355796418561
1047008812979359744
15236649
1068872918669631489
1067361607276204033
301802821
2956914731
2501423364
1072717157484675077
944908981008560128
797761424827228160
2367364096
877472934620803072
1030156452269154304
2305527105
1054631886889406464
1067742571148005382
2676189756
2569003304
239039853
810482381945708544
969527998868111360
1027504886227902465
952799366263156736
1071168950304686081
1026376803051548672
915902649714855936
1014287235816931329
1055837059460554754
1056802069066272768
842590081559003137
203613222
2514844310
881902643718885377
1065237320218132480
215236967
1021243930569003008
2721280508
1072346999272427520
1248436400
4266449621
2365431800
242353005
3032831782
1026805849921085441
3053421381
218367439
1072407663730937856
4297190602
229491632
1068050854866051074
995931469662040065
942479555390042112
829723566895665152
3928988782
1065311273250889729
390021368
1072175216888082432
926593350190301184
901063079680774144
998195157194420224
2305046562
300088456
1053263171950125056
1071018842464403456
846643203214397440
1033249906843107330
833597764894392320
601788838
949538343666282497
3088753739
992024993482539008
2210068067
2891608088
1069553704595017729
811279526026215425
1065306685009551360
915338718386573312
821631041874051074
952752049149620225
266547371
1357708352
550993440
2753616316
491064554
1050697581125410817
1064088553951567872
770981141054717953
1329143510
795543135032119296
441322377
1067494212273430529
2250361656
796263776144203776
775560068536434688
971103495960125440
407403129
2808698441
905085539854028801
1068755501654130688
819158205242732545
1066989113369333760
1037225775714512896
1068101489548247041
590729218
3664987347
608910207
4244558956
1288379821
957678276
3611157317
1066785041810944001
2476932962
383055276
3079339644
1015943133748695040
1070746189925105664
986695326575857666
328303797
329365435
623887755
704344253560967170
1052053896330403840
2633866412
1072145164393742341
850981269995433984
2535850956
76736626
740656304717500417
1070743705093574656
954475300284456961
705092647417987073
877142834360573952
202079576
3408765855
1013427543163244545
3715955183
2728850853
380861812
1070724507046952960
4545041116
1070611363175784448
1036595581358153728
2950233165
1068109714435784704
2922921808
1039820490053967872
786201339533680640
2924514859
3079986923
1032527658406621184
405541404
1884530911
976234840319250434
761628791315820544
1063466256165158912
207016265
814715406833303552
1069167770091302912
1042803747091607552
937701343892049922
2794836449
1050436457079410688
2471790819
1018933226365181952
759493663005241345
1070813858829361152
468646400
729664927691051008
1044635686865956864
1065256044803309572
765856168103317505
1065236807833567232
1038131404624855042
760377728734470144
2778063943
202946276
274128928
3311058453
990896438740750336
467642698
978916696860905473
1071661750452449280
941225677772263424
2777967591
187368369
808676858585825280
1008768800014131201
2264799596
4288135995
2732410633
2305755588
1162266140
520514410
2284105207
227961911
819162541842636800
1021796631358922753
272331070
4265349460
574195655
3131296431
436711429
953317343916187650
4741647683
173410408
984925306074124294
863700734751248384
2423669071
1007330507024224256
1064557130206851072
1001481530345222144
1062226654003634176
1094450623
2297070310
2653465770
1282456897
1538321018
839108186837766144
2746289932
2741298750
436911465
1069996981978873856
3332261163
1069140399414018049
984296241482883072
1068168642968387584
708651644
949554533335748608
1071040329091112961
810385776
892482403
1067797264813486081
1069842901746749440
4052276956
1070268803731349507
306521707
2315963690
793161198883729408
1059875474652971008
800375575781068800
820018673825943552
1967304919
776706173135380488
1043167637663109120
1067154565919838219
2726432812
1049284497731190784
209610044
2764738912
2769123127
1049168461413470208
936296444625145856
938833143284592640
1069541011209236480
1066269608536170496
484697052
4003053556
1037994146605281280
1057264642349826048
1068438473944764416
988676986171281409
4242155777
874234349541089280
3039373397
969512799306215424
1067723223406645249
1068920751351308293
1042344914326106112
839352643566841860
945903457428561920
708108357471567872
3710911997
1054242518274134017
1063746195435257856
1058227988817297409
824331557276188673
1062868104215232514
1067649953298870272
376870286
979217999847604224
959013894265147392
1422967880
2445134780
1046489211988250625
712588384217272324
245490547
937871681472868353
1067073051194478593
951123982119526400
758605631184044033
1044237540058951681
1062018927075704834
3257603631
14094090
227378137
803939316871393280
464821209
1064162927522037762
483689047
347780620
1050306752426708992
2983683299
790291108760805376
1269873762
397197498
953553301504692224
1670553390
1039025709077938176
2768990265
923597628964835328
485940215
998819455504351233
4419196515
1058427393180884993
3861934875
2340753544
2974315882
2567740004
4856298568
701578324942987265
939883014041100289
4031695691
971460756926615552
718885045528870916
1064198590422241281
905504529877270528
2770264738
622630849
486438846
1271872314
988795862309638144
3253768679
221888408
2431923192
1032739395479064577
1053185578076983296
2401965878
1097571318
2816838414
1320908719
1311771211
1059376387025330177
590783479
1016326792842502148
1057153873687789568
1033237422421749760
878513712306556928
1061199532162252800
1060434719043661825
2638466016
761778050
1058817746698416133
819251793154736128
989223066008862720
831184841148358656
986658344533397506
875664622275227648
1032268751272599558
1064045252523245568
890304348336652289
3307879504
549422929
931850120387268608
2412329471
1043135987700981762
1055442242754805760
2182074774
1003354210421891072
79530417
1050368606557675520
1136202774
2331931576
1064972906
2771971965
230143958
945633901174718465
1978986036
792134534
1053990675157581824
2414690138
1053369569811800064
486529799
1052325462
963327114782171137
1034686348148572160
211779996
1030122651476533248
3338500655
2979938613
907481608349011968
887296171127001089
777924175
4722912201
1036916093707853824
1051391829541879808
971989128865660934
30499391
985408356381753344
134272473
941426823380037636
885170246373527552
909445894801588225
999912316438175744
878523612663341056
744584684055764992
2718896994
906328430718996480
1049921583136088064
1051766748775636992
1008969688079130625
401610317
3311687710
1012326164160040960
983078240599322624
402879973
2227907184
577437953
150679420
2726538818
3997007915
745177215491411969
1034349787083100160
1043078936194965505
963702896759107585
719795773588815873
1009569809066020864
1049537099609837568
750236594876059648
2475644238
327269454
1060222910273597445
893004571500572672
2277295232
995646535798018048
762192504401920000
872053830019665920
1036234386436513792
3076998789
872112952215785473
4873315761
983602982888640513
749312468
764786209566683136
731420857113935872
786764389
1004319403691868161
250658884
951238055406505987
917698298022105088
1556370248
1033019009489362949
985633018936217600
920921964490915840
1056589847270514688
338987527
2231827358
498561058
1552984208
955366891291279362
3686574555
3224938948
887316193446678530
896798056112324609
1048306662250086400
1018202654571417601
1050793230256750592
548788650
992107760987918338
4286750002
923118672901787649
915465866761965568
2759097074
1016203130512576513
1055101582004678658
793227636
1008663685613719552
1051885657537335296
1059823461793779717
988670472014434304
185546432
825444623619391495
893290285
970320258404966400
1033747783600287744
461910557
3253290802
945310655736885249
328062452
755632860690808837
4806809345
927612376819621889
939591241
254421471
1058322844759801857
2824607168
1026111748162691073
2597813011
2390451786
1059325940826886144
1049900658529320961
308995275
799166808020369408
1054778383186493444
711673183376637952
2433472882
3012068835
951200879545286666
864802604819374084
1011280764229554176
1059425267603726336
1012723434273591296
983234588003786754
4654758016
16391628
831133312391446529
827997922528739328
242418482
892070417602666496
753883344090173440
3295009275
1023300312281559040
2908855611
244047053
1518452023
1013497383068499968
916358353990963200
1058840841022783493
1031748799545466880
999306149370449921
999387042118291456
1000595963898187776
486708375
1010153418285973504
4920041097
875394768
942741151362244608
1039784420318879746
1144134452
1006593929779834884
949510594750767104
489572340
817754594541346821
2666780155
132265024
4600797375
1037993248344694784
988024383116627968
1040510749993574400
3171065087
997490487312384000
2547869975
395961945
838948425362178048
3990956009
802909687339487232
188620592
1031558288574500864
1053267759348486144
973994200713842688
797532255421927424
272854063
447422419
167118215
1027609105593257984
759316296534220800
404156045
468633275
630991305
919996486707970049
3345707339
3040461724
603574026
1044183497274007552
2564183899
2361200523
1041363080293363712
930413783771762688
1020375888544915463
1048099385068965888
1049539464752713728
813063180
2778138992
947956057460166656
2773466776
1053546429837381633
1020461171189714944
3880833437
975739291254050819
3091705847
716673211312816129
792416919542456321
989347864613617665
2404577257
868801349613494272
1037690268093501442
2208344506
47299844
822554640004870145
367665899
3717772469
2352214286
745641182471008258
433233965
890108529234898944
2816575604
785507341512957952
3041576237
1029806455862509568
246424522
2492286944
1034108645133496322
2426102720
1349286403
982167747294445569
1050034439449964546
1030105591031705601
1042840439269847040
3048763377
1856572447
1049859571643236353
3352092245
998571058822373376
1001145567853064192
364760897
971051328255520768
1046742297977802754
938585209846431744
906804110413967360
829285801531998208
1012606142885847040
1048094743417241601
1688558011
792714240
187140732
189786957
2304926822
2654272807
2894586520
2871643238
1042901148531748864
2822604233
963737335299964928
775722686576197633
988557390944628736
1010964445953130497
1029023548508196865
231408767
709408534123962368
1042747812025380864
2325269353
119745161
600982921
3225034199
775968978120441856
708937255356932096
1036536118110502913
1322116608
1039237399644176385
1030821930826428417
3039741622
1003924923885244422
87175091
3227409260
1102459980
272957663
961975392948113408
1040652393837412352
447059960
1040864955854192640
957978846330085376
2935312593
1251404834
799178571419942912
873427030968348672
932661449503182850
1045515817289437185
1003220508605911040
730395247549636613
1042670305758601216
1067894210
995340912732536832
978586396456873984
3171447206
2820802163
2895815763
245626913
2525316471
190985107
3214475819
1022540058451169280
951293646841683968
374425716
893060702075858944
946358592059342849
942747887984939008
716972793859018752
524526779
908242307274756098
740246203
218786801
1029013841219387392
1679679318
185733126
743486012
918530510078595078
1018537373620109312
2737188345
1042691343439601664
4696527666
1012259961932582913
552753928
976089769
914032587127103488
747881705030049792
3437858537
1685965860
708127896393687041
873779707606695936
923285141522472960
3026216561
908752994111557632
888493525524000770
560135705
1022126738355236864
609730814
1077148086
2216904387
1034800531020173313
2756143658
970336149423165440
732273940228374529
975679684150222853
1327474147
3412031655
3261291795
595227076
1021986512324448262
1037839735941722113
949416639942004736
958693636597780480
1026005219770097664
975547009770893313
166202291
3032129787
1041332130733711361
4702453039
2698019012
1024005996367233024
103264186
933942797794672641
739156771
252966026
2754618876
1036254272575426560
324007748
740885811831418880
2728999213
128834311
307263099
835555892
4716034788
742650604368105473
2581151111
962241010297425920
431490174
4735604909
956532835480997888
1625952948
875726861409681408
718505451369930753
231183786
356624458
2837429777
473032602
2340544226
3026328621
252095618
619501523
98335511
1323037766
889828479763664896
1134005348
960850217334697986
952600075817181185
272385852
1041982615954358272
1015963050778746880
2231599646
703591880869679104
971003273288343552
1328961373
329698718
2812921096
1129277377
1018516075204562946
1040305541128630272
953138667647881216
716582799176822784
1019975326460530688
992727012673507328
179083853
247793272
2501910780
1040414852
419482644
996778615051358208
3207334282
1039441017857028099
2403116653
1041737788301950976
1683090374
828552474
1028961526751916032
814875850004975617
1396677666
1601762940
3383058909
2304167271
3023286327
3238990774
423275898
1209447422
385490484
938337354112229377
974333621233508354
2844779345
338425974
2408068729
996040147560009728
965976708917747712
892118181141250048
990544564825059329
1038475765212430343
829731220997144577
1039908811388186624
901686803073302528
457707274
967978040134422529
894966372547145729
598568883
3655055601
3352280320
454152431
1025892996
767246808414388224
2377540410
4907752581
296735782
1023154693290254336
2357942036
2581049659
372159974
1651333003
3001793204
1030101351320231936
883577108169183232
939426769542828032
1410807374
846075738575065089
3007949841
879291172874833920
2839628973
4132637159
1037290806753853441
985147871757389824
890902822056800256
2150801017
3874019056
4826121195
1004360551407943680
987116992766271488
226973447
525368368
4197808805
823403524432150528
1020663002478055425
979106318911860736
1464897654
516655836
2922611687
496067564
982653949688864768
2895017681
840314747128074246
3137882384
1021188874859630592
999130849818923013
3295821520
2207294029
2975283690
777436345828569089
956169800123867137
504685529
992917741328850944
1032941650048376833
885152555583623168
955519549113294848
2257993742
2817461209
2282747491
603610204
2891414723
1024259423580119040
983374838944366592
2762372317
2917680229
475447928
731069420118872065
509905057
968115376423931904
1354841510
979736798606909440
746006522853986309
703249933797879808
814811329378840577
838983921127800833
1035488839610052608
943422110743089152
467240984
131824025
330868624
473219697
1453767404
746840156
981746141644689408
1035139917536522240
2943457817
981683354
326263034
941958313780137984
773522889840726016
1010534318198779906
1036911691584471040
923495146926243840
903293244615905281
1029109920283746305
997780941513871360
857677054170603522
3409208134
948560209621987328
984691319363776512
1013817945976459266
1013544071258955777
1013544553515769857
1024263306612273152
1022990357016072193
1023324203896987648
1002935449348911105
2471159178
957137859991015424
985603242192072704
1036291541059424257
812640840141197312
2397552793
2559368570
500735346
425929318
391985491
760951920890707968
476945725
882307401508151296
297359472
2858808856
1029579582171742208
100035313
1118389159
2349261684
202336559
814791227463831552
973133864154681344
977132059746594816
2530705653
1031070332654895104
4016346489
1034844875693453312
2171645863
3317324518
2961334953
1031976682238959616
971484496217493505
1294447705
1551531896
962722960401403909
1659512964
927839301580345344
846452734740123650
2410538390
852850211835785217
182039268
2189201984
121155327
2846423385
1017877975428149248
846313285557334016
848511814283472896
1019282098442694656
594563542
919964870283538433
4901939621
469966152
1030378484705763328
914951055305306113
902135642322333696
445928709
962919304651005952
960557067533803521
3427588906
1358673247
2731063604
4302662134
1013364115761397760
1016818612949143552
996742039705448448
3365809559
1224681932
988096171754381312
3303038068
2567847728
922518696857350146
365574279
886707990388236289
992652776823033857
2351843737
1924602594
969970389454606337
731203411
1052459304
1002235258547396609
937011128600858626
2950374363
867793103863918592
144623498
939730964967600129
1030842767596036096
370117947
986958205745074176
2479235838
2772614183
401819770
2439791976
752535638449221632
2531715495
114392347
769816098799837184
890981519220781058
844596808072466432
2541650283
979667730356953088
2219989927
989087967900729355
792553000166383620
839210895490318336
2776984530
1623586051
800453917
880879075019116544
233127554
22002933
999376883400749057
4464356116
436683531
1002499763818979328
945981076551471104
411618655
811918619353509888
2241965846
1860322849
3431873183
940897757098676224
1025456387491618816
990464013048909831
861584771515920384
215738949
1464175884
978939042321653761
301423174
49022917
1013821553916641280
3843609623
1103470255
1001966563170267137
811992708269142016
2842529864
825118282202091522
977592345121185792
3384478605
2164766750
824705684696690688
985744939412869120
890187394745593856
973968225187835904
973963831633502208
973968191285276679
1017787479095762944
3081928051
336616366
980528398245285889
325675351
4542085575
708689006
491227446
854252287124000769
3830125575
367618813
3457213036
948136566
305066561
1001170190162329601
490850028
2380316588
870884964618960896
3157824932
2545256946
1952156004
3360408922
972912824518434816
720728818
722041310
2342937987
584141080
1012294159007404032
355346562
85785606
275502561
942161725662617600
4374583072
3332539701
1007284840893440003
1291603183
3328170261
184372444
560547606
521987814
348666805
986518925193203712
83613451
4119057946
364217591
992122598585720832
2570398973
4269693400
2603751661
1878881791
2249920583
2383522766
2656956072
390973395
721769505966452737
858340480224022529
905848886
384999027
1600874611
901788540576649216
1010350166447140864
992275136710504448
263730792
974690795797262341
1007146464370462720
2316026016
875026618120536064
871463822330142720
961176399058034688
2862940189
3011863025
1028863501
923979197885886466
928195522590060544
703095004
1011466928
2795363678
2868655385
447506901
2570274991
2148077633
920022816002641921
766003898935115776
3433383154
485559007
2475252878
1962380286
2285876623
1723689776
837765555268505600
4912246719
948532311615733760
720377841842425857
2942355251
2778899413
404478104
890554189188825088
1914083905
884898224
4366971620
2749103799
978965465275027456
187796938
782587773492535298
3198273321
888919400144699392
519755119
2598542348
996560389516218368
625403542
3236728091
1589062831
716832049
871393824022638592
202078447
2894719611
1012380548889759744
973910709053591552
1011517962799517697
3402863147
974350412546498560
436614104
909978478983786496
393234933
848294918
988142623
2799446522
3302464367
933960233407406082
1006283833505968129
1010572680368672768
997697574395052032
616549958
814863876466548739
516343477
717383508445044736
938228125531557888
311624407
737372754123575296
1002511388999409664
4871462715
93014354
380248873
777812347
4404141497
447306776
1396330351
912042019895332865
1012130334564024320
585616141
768758303941853184
993561650446917633
1009930688714498048
1406979186
710459415930003456
489167271
1007654008780095489
63461924
484869243
477460363
832838756742873089
1187422993
2767762003
2200159507
2573624287
975748731105669124
736568828742799360
306034653
970709300
1582886563
967679402342481920
825090562709716994
914074405969555456
977504735690477568
85328538
3946552456
760069213310582785
971069575453335552
796325723007045632
992845397486919683
1004465712705007616
3226511393
2834807392
45386042
353847504
836103967922847745
814902801075736576
2987453655
2679038245
219778065
850526371873005570
869520246121660416
435700753
1002809472887255040
960905018168799233
297811554
1001715010433937408
969570991851569152
745772492422283264
986252569277292545
4864761064
927255398444425217
990519475
339668928
1001364538669887488
988455145154412546
724980791961391105
950778834474950656
922771241043480576
987182010874638336
121453918
2429092443
1301089903
4783546047
500039335
998587428096167937
880622530943496192
990606212902383617
892852602429476865
193808043
1000348462511214592
2364414020
732171135215906816
427196403
411719855
4640873321
2477531964
1979526342
877195242876928003
968060118431563776
975715611375521792
1484673308
974647633540206592
3131441782
252533434
220676333
978330944758276097
2266272596
915488479295016960
979296249219198977
776786384870932480
815009498591006720
592616132
1534908680
3362467071
912052465138315270
2663151246
399283625
973272868854423552
576380779
2875593592
292286378
821807351397224452
920252157563203584
4900979003
983223629625339904
618148275
2576523402
2382341340
2795745566
383385308
3226288287
968959657913081857
995398714708647936
996788062498775040
800656394
953976493910167557
497135025
748040678970695680
419314965
2906658591
337690973
491967893
1572090626
2777462026
824875184079319042
428755420
2273904872
385850136
115493031
820363121290313728
254599521
434233823
2607200213
987966435778551808
997065030226120704
2995931194
630152123
905518567
822665704663089153
965821551999373317
754530203649601536
345282673
434819431
981454707553075200
922025164136697856
883571790269882370
298996109
153469769
804371390
2345446542
223199637
883363754876047360
302603184
777944526
889953273645600768
548895271
745004751679557632
366601770
948886436878716928
2339976339
701004507082313728
248219980
984402300587397121
717967708701241344
852175622218670081
476544738
992419949657448453
1849056896
2752356549
348980076
704301165945753600
784068739746631680
916780546163904512
705723813116428288
952641051730305024
2154358754
2849982267
394507267
1058745486
1881011960
1243840086
385245214
4082145490
185313373
941602100500365312
960198484963086336
2578713056
459140698
317901242
756401964146188288
822486955661344768
931931973886541826
1001159412197875712
345494567
4847461582
3356525674
979517263375228929
196563528
920935440722681856
323217324
1115239004
1304977082
910910780438188039
257095146
2541227191
1254626803
2659931497
950112434072752130
1024559442
402743546
2355123660
117136004
984499086207455233
819273605129392143
938668337093136385
380260823
370585721
367324917
4199648506
791430405912137728
1001350357585465345
91456537
895153156480434176
931266600216522752
958497335671250944
2925843539
988838095800823808
883346106213597190
999924265133600768
714866433646264320
847890934532636672
396084162
4098731176
992280638970449921
263718875
4004105074
432412674
877306701703262209
938492262346043392
999392644257239040
3881950006
999638898732126208
2392528657
540792317
800944065537867776
991532459664855040
783620449469132800
4350575416
633519482
208143814
997309681596076033
1604279364
392689461
4249669275
894813870392475648
916509486331908096
811581173893922821
877432443455901697
349087407
854290713651154944
891162556202668032
868115396171362306
317614328
930333603292155904
2634754121
905304163
492850054
795210323061972993
386900087
719061679426945024
1316517600
28674716
1574717174
1693965714
4012620869
1970701771
3024704680
890203757388210176
2619859145
4820524175
960179045106372611
3023064255
521602737
363108256
918049096308547584
471995567
4112295819
985215555371192320
4439622142
2318651874
2485926677
430446778
764026543211282432
997282755380736001
2810348405
976732390059053056
1334653556
2556634916
992665914284937216
1157028000
737683776285888512
2194959457
956792546986004481
1008843962
2359652940
763780968721289217
1175992388
847495198225571841
911303371138756609
924654687504289792
996350050199588864
161764378
988705220132855808
956321290566230018
952547147240665089
4309995262
907699839202361352
419359747
989751628008861697
2197786750
887035678088933377
832823249943818240
978449074423762944
985405105188065281
886184062976753665
602563266
996414705945186305
1318249855
2262922049
4192767964
931906554533744640
866009576751214592
1461899917
781809951064883200
783335969764339712
770272613688086533
738121308
4415297836
717462263
2752249434
811520383564316672
808309451556089857
994240955896262658
739556843719131136
846079602938253312
428714976
261130535
1310273587
2785233418
985867515384516609
2449231867
2389333613
851861610469699584
877056806740250624
2902850295
232953280
1967501000
892404306099548161
470267571
978668771027095552
2478374287
887897991092240388
1425772303
920193761942081536
3278601673
2467482509
957627545377296385
827502747176017920
877125541412966401
220782295
2966513477
842561186965217280
4083228598
306055213
722162052
889445514571378689
3428458463
2912615423
225006116
4766507902
777792386797805568
764054106889654272
986976253990367232
910095459724746752
846598911015956481
102732248
2680641858
464272683
957722196813795330
935222955407216644
711101288436649984
319513253
864621706626961413
882915016760074240
1319013114
872768006828568576
461033671
474597486
1161338040
993453884986322945
1286759894
992976845065900032
715769072215060480
992822804218249216
2780737573
831075421357740032
993766427457998848
535793732
1477405350
932046025774153729
4158600297
2415824328
973734824966959104
848898849569734658
2185970232
864171637322776577
169125028
709800752865284096
1027921458
933036583388942337
968931043712618496
383239983
388736352
839052669641703424
738482325751779328
111682576
479639028
978497235334893568
2779005720
463679540
375061013
776931166280646656
2796224412
2833617587
2879802512
748034828
469029238
4632253875
2659978800
920599935984242689
875741574109515776
3558167913
2841064197
712277320057405440
987565191410999297
959659240653770752
728601000005804032
806573651919327232
887986081664249857
787561875986845700
484795055
187509143
561928016
877847936117420032
2872506107
819257025112711169
618795326
505852467
991013225553649664
940166203456311296
540034550
880648654738030594
218647865
415525549
773600529826144256
4022783662
780006588472066049
910857179506372609
1588305931
938812334360981504
966811446687535104
920584855309647875
203404040
2556706333
398447185
3988038557
905362550996574208
987751509113954310
905414391918731264
247888336
803864841928773636
221374037
969275851291463680
981026756890103808
4216388596
768084255440330752
930963682493960193
524610816
111082999
711031578
780395199264620544
2830314161
921062420176662528
498293497
885483311912677376
3079597257
3351850558
925312370628579329
978295975109414912
779269947935555584
265531432
2703065680
1227837415
961863286642765825
609418751
988236819182571521
943742788876800000
953656932
631350687
2970041907
19856355
3009237640
912943561326374912
917428658813440000
885436371875377152
764787600100122624
3436823362
868205548881182720
773401629752164352
891244046248808448
270290717
2174450474
491490958
3047808563
3091586596
519165935
824645189469933568
879814470
356784797
2895982300
930532145587740673
819545844
400072597
386438418
984793355585454081
2933289857
966613543733866496
984376490295885824
940636359701811200
4194414076
971055830
798311481045618688
2497707110
935800407883780097
372326874
880655512446140416
703330477336338432
923821628097728512
974205731716124672
990902944945098752
106363813
847467477546094592
985070234594881536
540931469
4227118697
983351081265762305
2423992984
4127142874
2376626827
299458478
160825649
2982581189
707285438390771712
919940671674441728
3664611496
2791102251
286723495
844145288017272833
16213450
772300580022726656
860417406807797760
2700645338
260451220
535072716
4321237817
756585285958459393
536071085
900981018756337665
716363453980676097
3831290793
2395714453
987753957941547008
2850340546
964937587940118528
972866309414408193
968135460
2527339918
2317499001
930542995975364610
989853930971697152
977263660069466112
4195891575
847175945735811074
990203498506711040
767973274399760384
919537657998438400
222398635
529357316
923204791089721344
186210139
988984905513275393
976741978137350144
748083396920868864
1216488090
764826496687083520
866708948673593344
240234181
908788070656413697
984327315160289280
2769850784
964491577510060032
760372749021896704
899273941084237825
952562543020724225
908385273117102080
2375187614
3634265428
945783852945100800
2799929047
977100892687273984
249147815
2735462570
2760616793
3358414059
1930359230
3032311355
16099978
989416242325917696
977734987343593472
723827383179055104
2319132565
925042671583944705
989138168107560960
897528836
746277867055620096
829695359265939456
831507372594065408
885452426509201408
978689452213141507
416175467
462161629
2995329545
981111015705399296
429779428
348905135
3305388033
2333275640
2903521475
164193933
126621865
4714315697
867161258679836675
928371274971217925
2659311721
267046973
843544094999822336
430854622
849521824505442308
985112933553360896
985218144611569664
2424418903
986934613007364101
787741151868715012
2159072832
223495676
1469681155
979235449045647360
99359012
293170816
979391478991609856
914806376
3965083697
2912646243
2278261273
836961635814223873
159598564
3219306877
2797520271
368299755
2901467744
986662753615130624
536687940
3022631699
701858053214380033
1103578568
385403922
927275269785882624
864485910586556416
984645937309081602
2729876647
937572783978172416
4741667542
312796317
390592906
2478422743
242669766
392773837
986736341818933248
975073484090036224
877849271424385024
986980603529752576
3307909155
832532794203054080
928626483957989376
1959865694
212972618
781186998279278593
912539814980870145
2551797074
605601878
978118463913906176
601212661
429852877
300771026
1664634752
2714678902
884758317599518721
3109079882
1862910080
2964012711
937921551197974528
3367825888
927112289089703938
1045051626
374267038
939249552066056192
880352161003167745
2473602265
365630254
105932682
3069437549
475716513
979641636736196609
888093616924741634
972382047275765760
700484337737846784
2486441812
2773930645
912486623815847937
867347223851544577
986164223461019648
986016063530860544
4594936584
527712563
2958432387
3417273736
725383688683442176
832661200664014848
804415296085770240
600737771
703980485920366596
957351586451292160
984096740579205120
329768555
435437746
742341319054479360
4733055196
2808166961
245225599
3364493014
488630029
984991275484139521
4844721641
1304313752
983240844198252545
930782967210930178
545508073
843839430179901441
2999468741
711650612568428544
973442670919061505
731087079430623232
978982160731340800
975750778471223296
977281312477327360
386665450
881926198602944519
354741529
1513212812
984378107527401473
922319400182657024
606273985
2893650803
982348948307431424
285252972
1103331570
3008399079
978538639218024450
985141684802637824
1391523150
972057038007296000
911562477841895424
1130294154
817363305312514048
3219530160
848349216770543616
310974681
978205459621535744
978657110601994241
359560280
847356458
4745849968
877412070
979034856863813638
914110077220552704
976863901588520960
985055842633469952
365012066
896349735715581952
191735122
985042682975318016
2969685070
1257201884
975989806344830976
1408357334
965599589918224389
737254613460647936
985082942895599617
984359304164728832
920212640890310659
909738939006808064
983852501580615681
978215345256304640
227068906
838812964585160704
2739330131
979584232795369472
983375706800508928
4243742212
295302862
1403110886
1262720646
966156271828242432
242792840
279639719
969184313270063104
380567805
199275996
3859898985
235604582
917975166679908354
920998535872548864
928155858
797100053613740033
2864525126
2919641315
966979831324954630
856149441002319872
870544554331713536
974916822045790208
617390024
896804267767607300
3099033976
144084083
2611658477
408406298
406514835
605546551
2743441055
317302594
498738089
482901149
979738842583494656
373540353
350813838
1404041107
976974467409764352
2342427057
952563389452161024
926967443033149440
3565861283
737179130383499264
927108801295257601
703890992701808640
144525274
551734000
224461813
390308554
3160904825
823430041816203264
908454008003682304
931935912
522108021
940872602
983661404543741952
2176327856
313533476
2721406989
239392940
868916766906494977
776762964305207296
735793720466001920
4290550463
764140500538515456
893898138053996544
429839881
976511850601951233
865295780894175232
879058926330839042
811032114091216900
828944935709712384
977121600825974784
959985139815256065
850945724519002112
159446316
2227057796
404187757
3044918343
963727238117183489
877543862864052225
225293352
1726571892
850009803904700416
380488212
235633356
254837162
752437213602906112
221379821
2182015571
4407239493
953567437747904513
1803891895
242632636
296014660
981891654696173569
161254913
959996047773839363
547900791
737283381612969985
922022006324940801
878213368506658816
862552644493217792
938127977380016128
444540630
806870678284726272
555173192
259351484
823453087096508417
913361757741215744
2447362699
714207435167285249
978546522546753536
976410103158099968
934839635078938624
757633115963723777
978385502289219592
891932386761605120
2984280094
288757870
793669465
1711076238
925115336831197185
2948514634
2948695720
767657490842615808
368242685
749467053707362304
185375250
984072416027729920
980263762740604928
905716715320999936
887635934417739777
957535434
2924718819
581703449
833697528382099456
984309929027735553
983019377120464896
769034478
759436114469986305
2431323279
947030804881989634
979893440761778176
870161101941559296
235923392
788665614890139648
204393428
480503448
970995827496947712
980406803640061953
3394193801
832588793647603712
962752972970061824
911541622382432256
960662215702478848
979022212303917056
942098111157145600
868159864543080448
984276678435319808
2764749987
854062373098987521
955169283914559489
918512304790147072
3820492936
760380784465342464
2324025918
974021615381090306
2420006537
1020382982
588153402
978664311475310593
844609558131740672
882937779008802817
982146481963462656
978553037550772224
409058044
1160464825
967471021614825473
2414787501
286325986
2949940498
773572590870884352
932382589700182017
976727256725905408
874657118854533120
385824268
982002810714812418
1467715783
966982050355040257
984495637889781760
976053632360681472
585738165
3314844406
967727369162297344
718840134205091841
935401992423444480
871776803995750400
983962156445118464
2512921752
1386127884
471044808
742441652338479105
2531323921
968153888
865511747746013185
1825558219
184237917
3001714613
940180522596294656
976758429023965185
300313002
434364056
752551309761445888
583924315
2795335398
707272404578471936
890209283526336513
3353625676
2511473077
2226544442
964630830101487616
600823302
1306876322
4274398161
2522676052
1271927646
968552271322771456
899905489391235072
299588704
954372007210209281
1016817408
857527818376413185
872898459971584000
2637851968
4814632636
903227365123395584
115612698
606444917
2785059049
2921538052
3329072368
379304345
2966586640
4136063068
978735132600422400
47286821
617826924
850760792442064896
949688088795762691
3405286005
978283732464410624
2687049836
427803198
923717673107836928
949206883759423488
1393166786
582458945
968577089967394816
925785190747852800
526309515
970912618411151360
966763048290652162
978927148969943040
3053619701
839180388446711809
2745075574
2873426885
2399908477
942051728228315136
978942892944363520
2532700579
166112531
420324887
805465432203333634
894341128937492480
2939196177
191896360
2785234330
331471591
959055661387714563
967396364287184901
247270966
1540176288
894118114358689792
929807523204476929
902848022903705600
928283458497056769
913673811396087808
809940720534614017
808038014840688646
926117663276961796
930833800015351808
1315953530
890987231267213312
2986390391
847053720705794049
943112919692333056
397186277
851481901416288256
2368713493
757111441568698368
401994738
2832523600
328039333
776793720918315008
3022939829
3417167529
3039297586
2891969968
954720759489990656
1424958331
576059122
969650466727583744
215336684
303802821
2580448542
2431830618
1058553572
606181601
3388620785
3005734632
205855606
907808456429785088
4199198189
767277933891321856
308908026
1335975985
122343264
2700000128
187260857
430892992
554316759
716398943500943360
30397572
1285190366
965619979759636480
3147620233
3290721028
771617567458725889
2720580009
1126302294
908903394995208197
2392360495
198589213
4157581661
1493653998
968401856429948928
583211542
200793619
848975921256202240
4861037986
105165241
737705148462583808
2896110471
811278053385113601
2536690566
301685580
927822060696596480
373850895
887788397644976128
220774703
789513954175422466
132056082
2675030023
253115269
721762586
2860261131
978654913709428741
77692341
2281485987
504856725
740497741529284608
908722961271705600
976326674416656384
889807794748174336
963003192610091008
790634950584311808
447849744
397848244
321255208
978150484941864960
889333215793745922
104491742
3091121741
1312158132
2180527372
421235962
923896434751139840
809286080650416128
3068524852
376282393
840534013165109249
3026693596
720063622
4172062215
882102653660123136
364946755
929963537933520896
2554674780
930109753514131456
564538809
974147916
4545881140
1556317723
846382469326745602
463030630
969133887917043713
1903754790
748974945644974080
2445438120
417193223
1610793194
269860452
947894259671322624
791616174396145664
853885869442379776
717021409625640962
19335409
543581064
309664130
2483635554
961283479974576129
899044104931356672
2573571876
927157642392465409
817312862628642816
969428445443776513
974666466082611200
970702741369753600
2755525073
2208593532
306715861
918369293045239809
939138774390407168
434158810
908912995446779904
219618044
937323269392420864
3552381916
567240201
105770995
924965488014299137
2248336688
742974067490357249
896349573807038464
331532647
536312248
846261520938008576
967173957639077888
2571142418
1250922242
773840473890910208
767287799208939520
2475425941
942645918649765888
3121965499
240541835
767282901150990336
289453426
391113987
2450258390
1047124969
1617687516
387523927
189530523
897099351729852417
843113140321685505
3095354731
45751607
2753243283
977482831634010112
910155019059638272
806129048321740801
893028917950414849
90936814
565856876
855019653629915136
1586678942
2767323875
373398495
762604106770972672
824569409440194560
290170907
2752156514
227648325
932244922232705024
1441343310
730102265349079040
170624748
234676905
972954849208819712
514341701
918032624387543040
3814782436
818500727098187777
2971179611
889346978
3647330719
957065047
2935115729
1585523436
78673729
1546117069
2946508966
948513762809729024
616092911
935866271488503808
2999274441
97699557
709994815300227073
262800216
788056261162070016
1329804037
733673385134292993
392683626
897055714392276995
3420501563
203876943
2364774507
2370077125
967394195282579456
900578515015389185
102724407
3087321629
754775684
1253405540
2987233619
386525300
862264346843512836
2483639071
584134069
933350658023084032
3000905750
1333471585
915902557272330240
862741406443556864
1328420486
516341534
923087812848734208
851664479171616768
789381368341987328
88275259
39961566
784801275644940292
967785457168928768
428218253
2406487898
847611617449713670
576986805
742600361521909760
877475857463472128
777574842996523009
1196689262
1488367135
2938048577
541766971
323844478
324363096
879904855
580218398
927815077927030784
773952955
3253146527
425711458
363130761
579332921
3302144728
526218276
515156777
905218662667358209
429753667
3066063106
2759312157
978900299611099136
2437339669
3928330937
741326805148241926
437328475
605467745
572732248
372827722
38180698
3248290553
935301371636666370
796642380753596416
712940947642953728
911235270359560194
949263161143767040
263724521
264564524
944601249353224193
956100872177618944
784816892674441216
1312275612
827265005200437248
220451889
4791296717
970674954848043008
875702454
2936744476
971514887129194496
1087257612
2831992787
978375022875238400
857662706308067328
3647591718
159154204
914223000215580672
3029209978
2503864297
4384599917
970952768235233280
370495152
953175614646779904
967816348490493954
817990055612522496
308141499
888266822478319617
436029152
2294367683
2275026914
4793802671
787962938862731264
2367416197
467795459
831243927592239104
865217446671781888
885768674648477696
4856482109
4858251741
2656802713
907834437873930240
830408605
325701202
1192383331
614158530
930286978540670976
3836066567
920704205140226048
767294513236803584
940480601676828672
186895538
387506635
800806291417333760
61756295
746944315
2727131482
4084199115
558448879
359934655
4273463561
2795689562
929602269603082240
767288791728001024
774462734507335680
767275851981389824
707570104700182529
2837560366
755405195593547777
865802444529426433
4900354299
2178386026
823987176383905795
782139810379079680
894769492839899136
1219547275
792450175042195456
938389154660044800
772391359470768128
941619475744423936
466670641
2764922577
939134748764536836
809229748505296896
2554334762
155980340
1841135029
925069674
363726269
1203332424
1040079384
1378006862
4070095456
418141237
960085485807915009
406343356
960780309129252864
956503875762249728
900683203790479361
4891952092
4576462891
918852855150366720
893029769457086464
454669597
513287222
4406330837
2881142299
4153576995
421313209
1405170626
412937704
881041280532271107
976697549326311424
1564994155
978286595085406210
1952265308
3342087964
3422869888
711595971612950529
2656011416
835786872987258880
2380258514
384382639
968075970589745154
977933533997084673
124504426
2780833716
77231880
378544636
618918052
971782611818418176
2269909845
2523230834
375072748
733895843997159424
2635131919
2457825547
3050276209
1354547131
186510826
432252951
543756307
1900873357
163464228
972934264344989697
2719919739
2308115000
745128212821270530
456516186
719301814924021761
2322129498
579028836
797473845502418944
781505195792531457
974244449286000641
2835653108
3851897055
890541034463219713
714365252633247746
4347521123
443128062
761004900
965275992376922112
605334314
4293395596
3397069648
849702381491236867
908224824572555264
978489561612541952
977865736323522560
42586617
4118629468
384566020
912386441795084288
1608611168
863627478396481537
860130622303604736
960757932228009984
478728608
378138581
973637494209163264
288626425
2850135937
313621367
1183207784
2408005119
314627803
220656578
145729874
304467726
835733605859090434
486650953
295035287
845989508583751681
703258631853232128
743739150784880640
582944291
916522315537666048
950154864
912312805432467457
1718410604
967772888890830848
972882251540287494
602879891
945572245736435712
4570660756
891995891053285376
3261561370
516675355
603065196
951799064009564160
1190175949
889058618733203458
825265707499794432
872841652070739973
848142262668324864
2951328009
469985330
895126209994137600
782485793948434432
369960807
1329128316
924131968157212673
722438512256159746
920667252650860544
841318017787146241
935902102748090369
932195543924781056
610329894
2444066151
227873491
134544981
4236674127
482421459
290788730
975318170734080000
875684432270823424
969254493559967745
957945216866160641
164962160
3024910091
2370545156
945279290098233344
948282794031112192
479384875
937356991168737281
743279774093697024
250023156
2393337935
622903481
93758727
974866013568282625
299442802
3352424572
706146612037427200
281963385
1471384080
920195677757550592
3916710699
1433277374
3617308935
3010498679
886948489183342592
216330623
3028743622
953918982997905408
892685567841796096
577783814
2417915443
976679355328839680
707225057291083784
975810268495253512
54045886
817794597820792838
4659370876
851175364915335169
3130644572
821309931001442304
871384506
2275107084
778809392221212676
4068291682
1371289244
809880868567261184
860122738484293632
492007680
432475317
881371084750237697
796874060105924613
943409844945596416
2587716560
385265492
1290600547
3426022805
952920211031719936
915555964828438533
733065041063350273
72789805
976218036091924481
2783978170
961539771112853504
1217831502
826289870872145921
817277927943446528
2204381476
2307801139
1042189454
892833326502948868
950364756845752320
938343778703872000
2606907092
880484352370626560
98272317
145728318
105086303
441033543
960898703279058945
434131638
3576945315
2576914305
1233768086
736891780008906752
968100514385858562
4154977991
4463205453
1805027414
778494967
703440109245472768
949291744339906562
816838947259158530
875577133376061446
923661187602178049
2265242847
803289716363841541
939546277875941381
971280042675376130
844118553376755712
2445176174
228057197
2260368622
868438105036136448
918167596855328770
832109282585874432
900373180149366786
224077839
753932563807408129
298707618
56088024
496169580
404100443
471418762
198625683
714757418660601858
2714922536
3816743955
1223946846
970922098561601536
564942795
962737960994181122
3818100677
905345744961499136
725627784484257792
602068444
61162171
908749521512992769
2409055428
4517451633
882541487082352641
1146106075
921054332643983360
974015278874013696
976022193057431552
2997402028
2741862541
605171575
3890699614
4851183155
348462272
1659859147
821241703201984512
861460512
761450091450425344
3398255523
759722019952824321
757850665
609742634
825475101143478272
238971451
564796325
920231569461268481
956563201566695424
1663284578
2967556887
385508001
200156122
700464381
628772850
366311191
513210757
970327286946942976
4754851300
3005066354
112135996
771656076886355968
952528689731948549
700722302787256321
968500972807888896
3964718787
602680898
2527245014
707431603
2634668786
975068008308707328
791674645
960393566
2702395127
2613734884
953835935371849729
892661297548066816
874901209022439424
884793490722443265
226309590
3092558579
1316340523
969552317610676224
2310362730
961929509065953280
3358510833
897312524554600453
320625854
608843042
947125084438908929
480600323
916427347888431105
463072991
2276943778
709396179377922049
2381915829
3092689803
2491978284
2370424140
334545098
213827340
972134888668385280
1124733854
971510355565391873
974297970270179328
975303764197494785
968123623423840257
2731557439
4256397435
2664063916
570048458
887630501229604864
273921060
906503454583029760
925076828645191680
326677484
433276949
3406735678
786905459022331904
428332387
913063574230196229
430956673
934427633915518978
856442075713286146
902149533337083905
80965669
870713925347663872
521455519
315327014
857493485385076736
975253078189510656
314520153
4429715429
84789866
957805598611005441
827930044743942145
358065630
4219213828
3024910137
2974983809
960269493456039936
703521319837704193
470080056
1619599922
397788686
2493292147
975042478507216896
973858657208238080
2748685071
2498203566
695224258948132864
849139676460003328
3044754565
564009933
916927549355241472
975309623208153088
708780313
916251123677360128
431542649
423965670
2165130303
2349868174
1118007398
819434228576174080
4906552743
935550019700183041
809359599207911424
975346533314023424
169361784
936876473377480704
975305881683398656
974297563464683520
939499465735630853
183155698
870214678810693632
297989604
2847167632
1357940293
299544721
250178611
2533781909
2537192796
923618972821487616
3269027149
745709468512559105
566356519
287341253
242328043
711882190712401920
3067535297
2803979845
3096002847
806441019285848064
1162132465
625461358
280883701
159031042
632593774
952149653960654848
2747935502
974971580890697729
968058482871209984
410787545
573924236
1912070077
2149212991
1102997916
937223061610418176
515420787
283544266
2988488813
206332378
823116996019716097
960383936177299456
961291565321871361
2373141377
2751968435
4580300062
225271066
723129874865610752
927879152182669312
2759966994
244042634
875780005908930561
974238164587073536
2281469767
604552204
541047104
842645873238720512
779311131018031104
702002909991596032
2457420639
940637042589028352
821812247571943425
3370739213
2844235661
916965231670251520
926414792977502208
856759887208034304
825589113290158080
696644265393451008
743492710712152064
341501187
831522172975853568
396765202
910918108528955392
2986015042
889766938783645697
867291537159446528
494877309
705704962823684096
296909378
217339891
809353554175660032
904063975431778304
1861153388
1962430500
715046059236532224
762317975827451904
827876912
970204392178634753
594900285
2801808506
2446677805
970336076417191936
207606478
2751114124
965899401360232448
3409752329
586688703
396703202
899964872246665216
2374409072
211854595
939872750579183617
1019183954
969927836655128576
920956809518682112
817003447434285056
839516822659600386
831411505581195265
275464991
881411511335387138
909714264675569664
162132263
3439052655
3131446384
52345699
406775648
2962542629
3448278087
843464830182969350
469101468
28751173
1585464168
808446991072198656
305205741
242828672
764841673650233344
745849744296148992
2426567548
2919208540
824154034063998976
968055897862889474
1262840071
552100067
2227610337
1627543802
2712777083
2621107301
2354472928
846272406
303719288
962229091
269523374
972680684933349377
708201192191434752
513381875
3455479582
493104220
956233636696739841
2957354656
4324012213
717753138233606144
944182696602980352
853582497413812224
1284853782
724284230
768885566620438533
849349179298246656
2363249909
625714094
2475943886
889832524482039808
879023475314356224
956828312114008066
2967304078
2844830333
1424960708
1356204620
1588206674
1356472820
326087376
2956066365
885109388691861508
196277930
968028679342313472
526917192
937021127762857984
960896581120790529
898100915101675520
48681911
922169603178016768
2491256486
2762084437
219371188
754381065670815744
40694124
794379840
299056795
521091513
288623499
2798910620
718610988
725568318980128768
845920652938940416
1671076430
3010180185
535623813
420539126
821414959
956219897528442881
61130426
873612735061295104
135947808
780007285645045760
328943942
272313344
940688364084264965
268674195
178988649
477287913
710894307
3415640957
2986907531
956188560822095873
1605435020
204187288
750633909264715776
219308068
279544814
2758884450
3977719097
4214039793
974892888650854402
3048816837
884348736
4579094781
3081394397
348074426
758654448
828920115341176832
2332966069
2578342683
894983959863599104
922546354861363200
908817463827103744
747835243332272128
798444354465570816
382650264
955016143
754688805974732800
288724659
822845134593261570
113901652
858165312813969409
2973252375
3297547639
302472583
2975056509
526255347
147880017
770628805547401216
2902172128
905160508831141892
515823185
792351010568151040
776811727379894273
974956468519792640
719481474496507904
431631762
969198360694489089
761714156361900032
701037397
2990042559
1914883058
1878087000
973028627469295657
213663687
952985698713382916
792251653315522560
919562720575451136
2375596879
2464114620
1127724787
814959016552046592
4775054021
3302476617
609999602
2433104026
2363705304
974602815531290624
801820448745017345
537008995
3172576905
969746560757256193
853740277202288640
2361915010
304949161
169836795
182493965
972681743512821760
916665189650587648
846423687905656832
758722471289819136
927531254731468801
2180643985
882689526774235143
779006712934240256
365915982
708474771185516544
421226840
834682098
761622393529958400
3456105556
1623547903
471254216
883071127383363585
1967453989
735384276
1927991665
2480318051
788809114260570112
429193089
851946519326588930
173445613
953701017622900736
808081154
969512563695411200
874227614461960192
4524932007
753946816895410176
301872891
731232234158600192
815251805454077952
236373197
763467004992950272
228271480
849313914215178245
431318973
3131795704
824213132713328640
908662424739500033
11230062
2943601368
4364181267
894250063526072320
545817054
102720144
959294811978088449
247814623
39673047
805084350106701824
974226119066087426
952808880437891073
713492910952546304
4285225756
873953905738215426
919999949013733376
368313185
4842979780
956548283857625089
888828486856695809
80116584
950406928626266112
466024616
726314147248504832
715436176912547840
891610809599762432
222130087
2578894326
258481384
289519662
2823365472
1352087012
973066681059823616
2474643740
517750267
148876218
845368967413796865
1286665532
4908364653
812657149574873088
2734980879
120239522
2757201185
300655746
851589950302806017
972493996944699392
2185800788
2499221165
88707909
905178970529857536
2463553588
428982402
2647563464
2423348144
880757044495732736
98349455
447772122
967381869653385216
386216550
114751577
1408557895
972929153317076992
394907242
1152164510
2477258742
736846801
973518332988149760
546454320
958065357985640449
711213113274667009
36943651
894909963834994689
2797209800
765578934
3303894393
877147630945660928
2483802816
2370928217
915820163924099072
2656688709
782126163586056192
962907857929867264
920681945662676993
817342712647127040
497641050
3216894243
2504417588
934437179484524544
942980736302411776
890888879674359808
369975181
2995565597
920159438664847360
931969714221395968
882127063020433410
477488077
968457506208002048
516277551
900774214478811137
428740319
961179927109390337
51419450
445362728
251726257
706547766143655937
965254624063180800
358120091
945352163437531136
897851218944512000
944989959823519745
427168014
2743486125
919890015563460608
3154821890
234861145
931368862637019136
2982529905
1447062300
857692076
422104503
223529210
1546704488
4418934693
552850865
763450902531506177
389375203
212080239
928922980238979072
582413554
439375511
453996582
2328985452
961633289739128832
226917363
429273771
289788062
2197614225
711187827892068352
265944022
821810290794885123
400900414
939057484668563456
877729987058692096
808488985395920896
941746406586449921
230223109
870862412400005120
473669554
958780540823441409
856140109200195584
944570327471882241
923593564042547200
964135050
4794529788
696696456619679745
927195633659908098
2825078253
830658937582153729
235203949
337329428
931474751528292352
855059009744883712
937347963382321152
466666973
763032366336053248
3301636477
1647508970
963655167378972672
919842488709537792
2367697270
929801005616844801
888156068282499072
914933085464035328
596364971
252456853
900391181040963584
497204403
848488322079084544
964460909019238400
937292542160318464
971481640189952000
897188592136708098
759612107306463232
1380181104
967790039282446336
753699503744622592
751099695150276610