611906609
611905669
611883627
611878127
611872179
611872150
611870381
611865348
611854161
611850572
611847862
611828867
611809746
611808005
611804510
611721561
611529394
611527855
611527833
611523763
611523661
611523393
611523314
611523240
611523092
611523012
611304249
611251735
611249134
611248831
611247976
611247911
611247442
611240544
611239420
611197091
610952638
610950354
610950236
610949944
610942740
610917798
610917087
610913020
610908380
610898426
610892948
610892535
610891221
610889775
610889413
610889158
610886873
610886704
610886637
610885563
610872551
610872494
610870635
610571573
610570658
610569917
610568342
610567966
610567894
610565884
610564567
610564237
610564147
610564032
610564001
610563964
610563917
610563880
610563744
610563531
610563276
610563178
610561618
610561599
610561562
610561556
610561495
610561477
610561256
610561115
610561089
610560865
610560855
610560791
610560691
610560666
610560619
610560550
610560543
610560469
610560458
610560450
610560064
610559962
610559818
610559727
610559717
610559609
610559518
610559494
610556729
610556290
610552209
610548890
609978705
609951727
609951400
609950770
609950401
609950088
609950047
609949889
609949746
609949696
609949671
609949124
609949080
609948764
609948630
609948416
609948226
609947928
609904977
609881910
609880073
609861480
609859737
609796004
609787347
609769657
609427340
609425931
609425836
609424565
609422781
609422774
609422716
609422715
609422699
609422226
609422112
609421717
609421690
609421615
609421566
609421242
609421205
609421130
609421073
609419923
609419916
609419880
609419877
609419835
609419308
609418182
609418117
609418014
609417653
609091045
609090921
609090785
609090671
609090566
609090471
609090449
609090240
608356877
608351942
608318685
608312885
608309031
608293034
608239027
608236614
608234364
608228266
608208492
608187191
608178522
608177515
608159875
608159619
608154686
608154422
608152396
608152374
608151435
608151372
608151306
608151289
608149398
608149360
608147504
608147431
608147425
608147401
608147376
608146066
608146046
608146038
608146016
608143771
608143713
608143659
608143643
608074340
608064842
608063837
608062339
608058782
608058633
608047277
608046654
608046583
608043618
608043350
608042213
608041352
608040129
608039618
607998815
607988855
607713987
607713964
607709057
607707623
607706663
607616817
607610800
607607243
607488349
607475844
607414838
607414599
607414287
607289682
607273920
607273338
607273120
607268595
607268572
607268535
607265796
607223441
607222689
607214184
607214179
607214178
607214141
607214111
607214065
607211190
607210127
607210095
607210060
607210017
607209535
607209324
607208912
607208652
607208627
607208582
607207906
607207621
607207590
607207467
607207404
607207318
607207272
607207110
607206898
607205515
607200851
607186306
607161983
607156352
607156145
607153752
607153504
607151925
607140395
607119678
607118685
607113502
607106839
607106618
607106595
607058822
607058820
607058813
607058796
607058794
607058783
607058761
607028835
606941307
606940672
606939858
606939828
606939685
606939506
606938839
606937960
606937896
606937890
606937880
606937854
606856567
606855602
606854178
606818074
606817909
606817828
606817702
606817514
606817467
606817405
606816866
606816846
606815272
606815249
606815229
606815225
606815202
606815161
606815050
606815028
606815014
606814988
606814987
606814983
606783149
606772295
606770204
606770118
606722472
606722251
606722235
606722218
606719759
606719730
606719278
606718607
606718239
606712154
606711640
606710046
606708751
606692182
606691345
606673472
606672969
606665596
606665350
606662917
606654854
606654458
606654343
606653733
606653730
606653713
606653617
606652805
606652044
606651669
606620146
606610139
606605501
606604954
606603665
606603384
606603331
606601352
606600926
606599659
606599018
606598304
606598070
606597545
606597451
606545043
606544900
606542621
606542132
606541280
606541215
606539866
606538403
606530178
606528754
606478386
606458363
606457995
606329618
606129825
606129431
606129262
606096446
605843981
605843125
605811080
605808571
605807997
605807087
605585827
605585761
605583612
605581614
605566699
605561752
605561720
605559157
605558365
605558101
605558022
605558013
605557978
605557061
605555483
605555464
605553779
605553551
605542163
605536418
605534861
605534828
605534665
605534628
605532350
605531152
605530674
605528518
605528223
605527076
605522317
605515884
605515788
605405172
605405148
605405056
605401606
605395402
605393847
605393841
605393805
605393761
605390579
605383481
605382315
605382262
605382200
605382125
605382106
605381641
605329832
605292064
605091091
605090949
605024642
604984148
604842975
604835549
604820855
604805722
604802206
604802104
604802062
604801311
604801297
604801293
604801265
604727651
604727621
604699568
604690416
604685385
604684761
604684615
604684241
604684237
604683538
604683457
604683441
604683436
604682384
604682301
604672610
604671589
604671579
604671463
604671291
604671276
604671221
604671183
604671179
604671038
604670844
604670773
604670662
604670465
604670030
604669918
604669866
604669304
604654659
604654105
604653969
604653957
604653925
604653843
604653747
604610647
604609307
604487524
604483723
604479272
604469208
604464818
604443804
604388175
604279351
604269035
604260246
604130617
604130598
604130582
604130575
604130570
604129588
604129063
604128969
604128729
604128681
604128680
604128444
604128277
604128101
604127618
604126011
604125975
604125827
604125786
604125606
604125580
604125561
604125258
604125052
604125007
604124927
604124617
604124604
604124594
604123127
604120650
604119906
604043480
604022943
604016734
604016730
604015466
604011619
603996486
603996373
603996243
603995885
603992426
603989488
603988798
603988604
603986858
603966868
603965458
603960756
603957267
603953830
603950578
603948322
603947897
603947887
603945320
603939435
603933158
603920718
603914073
603889432
603888211
603872349
603865946
603863108
603862675
603862440
603860984
603855144
603853254
603845321
603843851
603843231
603841053
603834882
603834335
603832703
603832446
603831395
603831021
603830988
603830954
603830900
603830850
603830751
603830622
603830359
603830344
603830315
603830292
603830229
603830142
603830130
603830117
603830108
603830072
603829883
603823987
603804454
603799545
603795905
603793038
603790182
603775386
603767852
603767542
603766512
603763837
603735682
603711169
603707292
603700426
603699994
603697532
603696837
603695889
603688561
603685319
603675532
603674938
603674908
603674054
603673595
603673372
603665635
603664770
603664707
603664566
603661228
603655867
603655280
603649893
603649872
603643708
603638092
603627194
603626029
603596259
603595868
603593378
603593101
603592589
603592261
603586809
603586461
603586023
603585824
603442386
603442070
603442036
603442025
603442022
603442021
603442014
603442012
603442008
603442003
603441987
603441965
603441962
603441958
603441954
603441949
603441945
603441941
603441939
603441922
603441920
603441905
603441897
603441893
603441891
603441890
603441888
603441868
603441861
603441856
603441854
603441851
603441847
603441842
603441840
603441819
603441809
603441799
603441656
603441480
603431765
603430227
603398037
603397331
603392464
603391454
603391249
603384590
603383593
603336935
603318777
603315708
603315325
603312047
603311355
603309646
603306450
603306112
603304941
603301666
603301451
603297429
603297063
603296101
603295503
603290991
603290747
603290395
603290044
603287673
603287128
603286846
603282758
603246180
603245875
603244884
603244872
603243483
603182407
603181696
603181247
603178746
603176987
603176959
603176387
603175974
603175776
603175375
603172918
603172352
603171016
603170759
603170066
603169372
603169249
603167867
603166643
603164956
603162276
603156420
603156162
603151862
603148578
603148430
603147373
603146556
603108897
602894720
602891597
602888560
602885731
602881733
602876687
602854903
602780825
602723748
602713605
602702294
602692865
602692792
602692772
602692644
602692636
602692632
602692275
602690444
602690430
602690406
602690016
602689864
602689493
602689490
602689447
602689402
602686161
602685012
602684237
602683206
602680502
602674732
602665198
602664513
602638381
602633626
602633467
602631702
602620564
602612210
602499578
602487339
602485581
602484905
602484073
602481186
602474734
602473187
602472761
602364461
602363982
602359507
602358140
602341389
602326544
602325438
602325105
602324904
602324850
602324827
602324666
602324521
602324236
602323837
602323833
602323716
602323706
602323423
602323317
602322937
602322753
602322023
602321959
602321283
602320528
602320460
602320201
602320104
602314227
602312802
602309120
602308282
602298408
602298382
602292537
602292477
602289145
602286497
602285205
602279878
602278481
602278473
602277629
602276150
602275440
602273830
602271236
602271053
602269976
602269561
602269545
602269539
602269445
602269435
602266285
602266283
602259717
602259710
602239512
602222905
602222888
602222725
602215995
602213071
602121638
602120329
602119093
602118856
602118561
602118350
602116345
602116046
602116021
602115893
602115875
602115082
602114433
602112724
602112718
602112631
602112622
602112363
602110109
602110091
602110083
602100505
602099146
602098779
602098257
602097105
602093672
602092849
602081309
602081267
602081202
602081199
602076457
602066673
602063590
602063414
602062323
602062086
602061533
602060953
601993290
601990319
601990053
601990016
601989906
601989807
601989705
601989439
601964213
601962247
601958842
601929349
601927325
601927145
601926244
601716149
601714962
601713210
601707626
601699981
601633869
601633010
601624189
601619185
601550695
601494232
601493631
601486783
601484334
601484289
601484258
601484234
601484201
601483974
601483902
601483664
601482912
601482808
601482768
601482168
601481506
601481234
601481050
601468619
601450821
601450330
601424384
601419043
601417109
601399732
601396179
601394509
601391436
601297430
601295031
601289668
601289637
601288885
601277033
601266882
601265429
601250826
601181288
601100723
601086882
601086493
601085881
601083336
601077482
601077026
600975304
600964003
600963908
600962628
600961079
600960516
600947209
600944936
600943662
600918875
600918355
600915111
600914853
600913674
600898200
600871807
600869866
600861581
600854343
600849239
600848958
600837205
600823457
600808621
600807330
600790706
600774890
600772505
600750833
600727869
600725836
600722252
600691856
600683548
600683516
600681268
600561149
600560603
600434986
600399288
600332029
600328667
600324631
600319803
600315232
600301494
600299840
600288379
600288132
600286370
600285951
600284519
600280663
600280538
600279567
600279324
600276620
600276284
600271461
600269226
600268725
600267844
600265308
600258265
600257941
600257635
600257557
600256743
600251566
600250229
600249253
600248092
600247289
600245872
600161320
600155221
600146962
600143559
600143275
600141840
600141685
600141191
600140981
600140030
600139794
600136328
600135991
600133415
600129013
600127725
600127038
600118029
600117098
600116785
600115435
600112300
600110276
600109936
600109575
600109273
600108639
600108500
600106876
600106010
600105544
600104252
600103162
600103144
600102760
600102685
600102662
600102291
600100187
600097983
600097003
600096341
600096318
600096311
600096223
600096186
600096128
600096126
600088674
600088672
600088670
600088458
600081634
600073082
600056984
600056949
600056394
600049438
600048777
600048710
600045718
600045147
600038238
599990743
599989631
599989562
599985019
599984217
599983912
599981512
599981339
599981138
599976470
599975810
599975535
599974054
599973621
599973320
599973058
599971180
599970760
599959792
599956105
599955083
599954318
599953066
599951950
599951486
599950853
599949558
599949182
599948318
599947690
599939826
599909221
599873832
599873275
599873273
599873187
599865446
599862431
599846809
599846289
599843991
599843959
599834596
599832792
599828773
599827608
599826727
599823480
599823272
599820662
599814349
599813160
599804199
599794311
599794256
599793525
599793185
599793180
599792449
599791375
599789633
599789611
599780811
599774862
599770349
599769700
599764584
599763938
599759113
599758246
599756323
599728602
599723785
599711772
599711617
599680859
599673280
599657781
599640353
599639008
599634908
599632378
599615023
599595874
599576840
599572319
599566825
599551592
599546040
599539963
599534977
599530450
599526313
599518929
599515193
599511218
599504892
599504766
599497924
599465155
599459022
599450041
599447560
599444884
599436816
599423744
599416567
599371761
599368303
599365965
599365464
599362162
599358031
599349552
599347682
599345127
599338843
599338384
599336817
599331859
599323477
599315725
599312872
599311450
599310645
599308285
599307476
599307165
599305674
599305532
599305271
599303844
599300858
599299895
599299455
599296475
599295680
599292265
599291475
599285627
599283800
599280391
599277121
599272010
599271456
599269525
599269402
599268538
599268317
599267898
599265455
599265316
599264473
599263791
599263233
599252324
599248849
599235230
599233013
599232246
599219486
599212409
599209768
599203743
599159725
599125921
599090245
598824909
598824849
598822744
598820907
598820701
598820312
598819970
598819884
598817083
598815591
598814419
598813388
598813317
598813285
598812541
598812495
598811842
598811239
598811219
598810353
598809562
598808146
598806614
598806383
598805930
598804029
598790849
598783246
598783023
598780861
598775058
598738770
598724690
598711451
598699012
598689012
598686420
598671818
598669579
598641830
598641632
598641533
598640502
598633293
598633210
598632350
598567897
598567300
598565707
598564470
598562054
598553312
598543720
598512206
598503231
598501923
598500136
598496438
598491894
598491024
598487761
598482736
598481477
598478907
598475609
598475392
598474886
598473735
598473616
598473006
598470901
598468361
598422289
598377249
598358838
598347882
598338163
598335867
598334800
598333679
598231453
598227996
598226179
598224660
598219917
598219414
598218251
598205741
598205556
598205181
598204350
598204211
598204162
598204060
598204000
598203984
598203952
598203934
598203878
598203869
598195696
598192118
598189896
598184899
598183133
598181701
598179566
598179307
598179240
598178860
598178780
598177647
598176184
598175084
598174883
598173400
598171632
598169993
598168706
598167546
598167467
598166776
598132957
598129214
598125710
598120847
598120310
598115602
598113175
598107240
598106709
598106275
598083824
598083806
598082772
598082658
598081765
598081166
598079514
598078622
598076803
598076268
598076224
598058819
598039159
598029443
598024781
597977909
597976824
597954640
597953477
597944902
597942191
597942002
597940968
597937595
597937068
597935665
597926366
597926001
597925372
597925176
597917685
597917112
597916968
597911245
597910517
597910358
597907741
597863819
597863250
597862932
597772086
597770792
597759678
597759433
597759160
597755003
597749148
597674024
597648228
597548799
597536920
597500611
597471155
597303309
597218949
597202272
597201154
597198953
597169411
597152093
597133622
597053533
597052720
597042918
597042844
597041883
597041471
597040687
597040446
597027905
597019863
596971606
596969553
596969544
596969543
596969535
596969517
596968469
596967741
596966563
596963423
596936118
596936114
596934588
596928630
596922771
596917943
596912730
596912706
596909324
596908881
596903555
596900771
596900520
596900070
596899771
596899550
596899268
596896532
596895588
596895096
596882557
596881155
596879072
596879054
596879032
596878991
596878897
596878402
596875526
596875005
596874547
596862357
596846777
596828363
596797123
596787017
596772671
596770522
596766326
596765929
596755270
596749928
596740248
596728536
596721529
596708792
596708347
596703291
596679723
596669853
596664568
596590524
596561159
596446860
596429600
596410107
596399490
596398968
596397336
596394538
596338878
596338254
596336676
596334986
596333942
596295411
596295120
596294592
596294234
596289287
596289041
596288757
596288193
596287843
596287249
596286949
596286077
596285712
596284705
596284434
596283578
596283225
596281747
596280815
596279539
596257307
596255651
596214705
596212354
596114942
596108578
595982200
595978515
595969864
595891013
595854986
595850911
595850543
595842075
595839766
595839749
595837882
595837661
595837613
595836864
595827505
595825919
595824100
595818876
595817909
595814850
595814848
595814723
595806750
595806397
595806056
595804370
595804173
595804108
595803723
595803301
595800917
595800886
595800873
595800848
595800638
595800565
595800431
595798443
595798438
595798177
595797907
595793596
595793453
595793221
595793115
595793106
595791956
595791873
595789469
595789086
595787972
595787896
595787889
595787862
595787778
595787761
595779343
595645835
595631783
595631355
595622877
595622866
595603542
595603251
595600683
595599418
595587568
595586671
595579652
595579607
595574947
595574833
595574152
595570031
595569520
595566099
595561146
595361857
595357991
595357316
595355770
595355748
595354150
595348617
595347117
595341995
595326564
595326470
595324323
595324089
595323843
595322114
595320946
595317875
595316891
595315309
595309503
595300430
595300138
595299788
595297819
595295124
595270448
595240163
595238364
595231856
595225128
595219541
595218694
595217807
595216239
595215431
595209525
595199593
595194710
595188386
595187252
595185094
595152464
595004860
594990544
594965703
594863261
594862851
594852425
594851469
594848994
594816003
594812867
594790906
594789418
594780158
594773094
594771717
594769730
594769716
594769700
594767928
594766340
594764571
594764484
594764475
594764464
594764447
594764444
594764415
594763017
594762998
594754751
594754479
594753716
594753656
594752692
594751250
594751207
594751184
594751173
594751171
594750923
594746652
594739580
594727548
594706739
594703194
594688684
594679668
594677659
594670359
594667075
594666610
594666034
594663977
594663933
594663830
594663755
594636279
594628922
594607377
594598641
594444648
594409242
594215500
594201839
594169522
594052251
594040380
594023401
594019749
594016787
594016209
593995685
593862199
593861401
593855261
593841390
593731330
593730361
593687561
593687138
593685527
593684801
593684115
593681877
593668609
593666773
593665506
593658186
593657148
593656620
593511515
593510388
593509723
593509122
593508288
593507736
593507218
593506620
593506056
593505420
593504912
593504372
593503432
593496775
593493445
593492387
593491570
593467596
593465319
593465246
593465161
593456547
593448537
593437629
593436687
593436676
593436640
593436618
593436326
593436156
593435687
593414584
593413178
593409484
593406997
593406118
593313553
593273839
593160155
593158510
593149314
592886891
592885403
592885339
592883674
592883666
592831297
592805747
592803213
592780380
592779742
592775299
592775117
592754972
592717132
592713611
592709102
592706141
592690909
592660309
592652369
592649910
592643824
592640579
592639890
592632876
592630666
592626145
592626124
592606647
592589856
592583313
592583093
592565381
592546938
592458235
592457383
592453963
592453636
592428646
592356608
592263311
592228817
592221678
592211725
592211568
592207643
592207334
592207272
592206139
592119688
592096041
592095881
592065667
592053574
592053327
592053292
592053285
592053252
592053214
592050167
592050060
592045736
592043866
592039293
591997728
591985997
591901077
591859284
591840034
591746641
591702877
591192305
591151111
591128203
590544632
590416882
590315395
590315229
590315219
590315218
590292756
590145014
589581397
589522937
589518528
589518506
589518505
589518486
589512050
589512047
589511824
589503501
589502630
589299078
589298988
589298035
589297882
589297631
589297432
589297176
589297014
589296872
589296456
589296264
589296107
589295952
589295362
589294510
589294173
589293901
589293726
589293216
589292995
589292808
589292652
589291761
589291706
589291702
589291640
589291621
589291583
589291554
589291545
589291479
589291412
589291325
589291323
589291116
589290995
589290886
589290820
589290780
589290721
589290711
589290591
589290588
589290506
589290444
589290364
589290354
589290331
589290329
589290254
589290247
589290140
589290000
589289983
589289895
589289890
589289871
589289864
589289786
589289783
589289746
589289729
589289722
589289718
589289656
589289635
589289573
589289568
589289559
589289531
589289495
589289460
589289453
589289406
589289369
589289346
589289338
589289333
589289292
589289291
589289269
589289245
589289220
589289215
589289146
589289103
589289101
589289099
589289001
589288960
589288946
589288817
589288749
589288748
589288744
589288728
589288672
589288671
589288631
589288620
589288592
589288590
589288525
589288511
589288488
589288441
589288349
589288281
589288108
589288001
589287994
589287964
589287922
589287910
589287908
589287904
589287892
589287881
589287800
589287782
589287780
589287776
589287738
589287728
589287681
589287679
589287674
589287622
589287610
589287574
589287563
589287487
589287402
589287380
589287355
589287316
589287216
589287212
589287204
589287202
589287122
589287116
589287091
589287081
589287033
589286830
589286676
589285538
589285466
589285463
589285342
589285312
589285263
589285228
589285197
589285103
589284988
589284502
589284330
589284186
589284165
588868271
588741889
588706093
588704846
588688192
588686958
588684476
588681489
588681285
588583388
588566576
588548471
588534754
588532183
588519785
588519641
588519633
588519350
588519324
588518905
588518881
588518874
588518739
588518682
588518632
588518528
588518433
588518296
588518264
588518249
588518143
588517619
588517566
588517543
588511321
588510522
588504793
588502465
588499464
588499230
588376178
588375712
588367765
588361218
588360874
588360180
588225577
588224174
588221472
588217784
588216704
588214913
588214363
588198511
588197954
588194935
588194872
588186306
588186246
588183808
588069369
588068833
588068101
588067379
588066723
588066390
588065362
588060050
588049260
588047987
588047542
588047096
588047034
588045394
588045223
588045213
588045194
588042490
588040842
588039617
588038036
588035281
588032884
587907283
587906744
587231846
587231744
587231734
587231729
587231717
587132959
587132528
587130874
587130114
587129171
587127576
587116484
587115200
587002270
587001628
586891133
586890549
586887888
586844894
586644662
586541623
586541480
586540995
586295258
586287349
586005689
586003992
585672753
585578320
585327908
585326803
585323065
585319945
585317830
585317060
585316170
584935268
584919488
584913965
584911293
584902649
584899174
584898130
584897181
584894033
584880802
584880408
584879496
584878531
584878133
584867749
584867033
584863748
584859972
584822780
584822760
584822744
584822737
584822727
584822725
584822570
584822332
584822320
584822224
584822215
584822093
584822079
584821993
584821976
584821878
584821874
584821853
584821850
584821848
584821830
584821805
584821764
584821228
584820857
584820747
584820726
584820703
584819731
584819516
584819489
584799337
584798293
584575015
584386995
584386671
584384532
584384374
584384285
584381824
584381814
584381804
584379531
584374989
584365292
584364560
584363806
584362475
584362026
584359994
584358140
584357947
584357343
584356709
584356463
584223725
583986151
583848012
583725319
583720917
583718912
583716179
583701338
583696277
583691805
583688189
583684079
583678845
583673034
583532553
583498978
583498875
583498705
583498602
583498478
583498415
583498333
583498107
583498101
583498055
583498007
583497962
583497955
583497556
583497288
583497106
583382679
583381074
583380808
583380781
583379701
582693988
582666167
582653505
582629310
582628997
582628432
582627762
582530225
582529426
582528982
582528483
582433275
582247874
582247770
582246886
582246875
582246869
582246860
582246859
582246238
582246051
582246034
582245401
582245393
582235065
582230030
582222217
582219962
582124644
582124522
582123828
582121555
582121343
582121338
582119300
582116477
582115584
582051713
581997304
581992181
581972307
581967300
581963171
581915015
581908132
581894278
581799261
581797559
581796722
581795036
581791129
581706741
581689990
581686352
581686224
581685421
581663884
581654772
581650940
581600937
581581687
581555527
581544583
581363247
581360721
581058272
581050522
581022309
580962835
580961690
580749097
580647090
580646873
580645939
580644334
580640935
580509112
580451799
580365482
580364732
580361023
580349092
580333076
580332704
580332130
580331751
580331306
580330739
580166279
580036038
579949093
579647955
579596266
579584940
579583750
579582039
579581386
579580712
579580573
579579976
579570824
579263924
579262201
579261949
579261947
579259838
579255048
579253306
579252988
579219206
579183856
579179363
579097610
579096487
579007556
579003737
579003466
579003428
579002243
579001882
579001610
579001493
579001364
579001358
578992096
578990832
578990592
578990560
578990538
578958112
578929295
578929269
578928842
578927770
578926525
578926506
578925732
578925696
578925568
578925551
578924304
578923814
578922873
578922072
578918278
578917037
578905792
578892262
578846621
578842485
578837395
578835941
578835919
578833239
578822018
578812166
578811283
578809658
578809456
578809282
578764391
578721418
578548964
578546504
578545802
578544499
578544363
578542420
578542252
578541095
578540070
578538706
578537610
578536212
578536174
578536147
578536146
578536110
578536104
578536087
578536068
578536060
578536049
578536011
578536008
578535995
578535990
578535986
578535978
578535960
578535953
578535943
578535932
578535920
578535907
578535903
578535896
578535877
578535875
578535863
578534651
578533714
578532161
578525128
578525123
578525121
578525118
578525101
578525048
578525026
578525022
578525019
578525018
578525008
578524932
578524737
578524711
578524554
578524551
578524525
578524516
578524502
578524446
578369377
578342362
578340256
578329114
578153950
578147798
577964438
577964215
577941626
577937926
577937919
577937192
577936850
577936751
577936713
577838818
577838445
577838113
577838062
577838060
577838025
577838021
577838016
577837969
577837825
577835053
577835023
577835016
577725744
577163049
577160572
576902820
576824588
576794478
576625638
576582320
576579856
576574326
576555477
576550625
576543359
576508129
576476694
576219652
576181480
576181176
576171309
576161847
576111159
576084364
576083053
576081712
575756073
575753627
575753108
575753085
575753077
575753069
575753032
575753028
575753024
575753002
575753001
575752997
575752986
575752975
575752817
575752159
575752147
575752122
575752104
575752093
575752052
575751935
575751813
575751592
575751585
575751520
575751460
575751448
575751405
575751385
575751380
575751340
575750975
575750911
575750799
575750663
575750643
575750622
575750569
575750441
575750326
575750260
575750204
575750176
575750131
575750050
575750025
575749943
575749893
575749741
575749668
575749666
575749455
575372731
575370806
575370280
575359579
575355074
575353893
575353525
575351597
575351421
575346308
574768569
574768388
574768340
574768292
574768126
574768066
574768007
574767567
574767510
574767447
574767418
574767314
574767152
574767077
574767059
574766952
574766914
574766874
574766858
574766809
574766706
574766622
574766448
574766291
574766274
574766192
574766098
574766042
574765951
574628563
574123043
574117788
574113453
574111375
574097041
574094380
574093101
574091898
574091897
574091059
574091028
574090961
574089291
574087987
574087968
574087908
574087907
574087449
574087401
574087389
574087309
574087216
574087188
574087182
574087173
574087154
574087140
574087091
574087058
574087037
574086574
574086551
574086452
574086418
574086309
574086245
574085907
574085847
574085673
574084634
574083502
574083493
574083127
574083036
574083023
574083002
574082990
574082981
574082967
574082949
574082921
574082903
574082901
574082893
574082882
574082256
574064819
574062368
574059684
574004950
573822658
573782268
573782211
573781348
573781317
573490094
573349649
573331065
573182136
572697362
572694680
572693459
572692281
572692180
572687129
572685869
572685303
572684045
572683679
572681925
572680203
572678026
572677117
572676706
572675336
572673501
572672915
572672895
572662680
572658149
572657636
572588608
572587998
572587251
572586496
572585646
572584981
572584169
572583333
572363963
572325743
572325588
572325039
572323495
572322091
572318511
572318470
572315722
572263567
572156561
572141238
572134433
572130602
572130590
572130534
572130207
572130141
572130136
572120970
572119917
572117746
572112665
572111457
572111388
572111331
572107720
572102938
572102673
572101957
572101815
572101618
572100499
572096617
572096307
571985085
571977302
571966558
571963375
571959975
571955889
571929833
571918475
571913768
571903389
571869815
571867663
571835483
571787908
571780780
571780273
571779371
571774246
571772367
571770814
571768707
571750076
571748141
571630336
571626741
571624536
571623963
571571208
571571112
571571106
571570542
571570531
571539561
571539448
571538710
571524302
571521232
571521182
571521180
571519841
571508953
571506272
571500181
571498737
571497677
571495895
571495833
571495774
571494054
571493841
571493591
571493549
571493376
571489233
571489125
571484641
571481784
571421931
571399902
571399693
571399632
571390000
571381352
571379485
571373086
571371239
571369942
571369642
571355169
571355139
571351422
571350737
571350694
571350453
571350346
571350036
571350018
571349572
571349234
571349203
571299071
571294572
571293994
571293020
571292652
571292150
571290742
571289962
571289872
571289574
571287157
571285981
571285957
571285935
571283342
571280947
571280326
571276935
571276932
571276892
571275969
571275703
571275674
571275408
571274273
571273425
571271863
571271832
571271800
571271748
571271731
571271628
571271556
571263955
571262336
571259481
571251742
571251483
571241162
571239966
571238113
571235593
571234837
571230551
571214625
571211439
571209512
571202435
571202099
571200160
571197465
571196809
571193737
571179600
571151632
571149244
571149142
571131973
571100272
571097072
571084023
571049289
571049050
571048045
571047291
571047027
571046784
571045135
570997105
570994464
570993205
570967122
570962729
570959542
570959326
570950434
570931352
570923513
570921965
570910556
570893055
570886083
570364715
570258534
569828724
569774589
569760145
569750107
569747986
569746059
569746032
569744144
569742060
569740292
569689898
569683299
569679142
569407977
569395313
569376743
569376695
569374770
569322340
568891746
568796676
568553792
568540443
568531003
568530880
568510346
568505345
568503224
568503101
568502957
568495974
568495931
568489870
568489525
568478600
568477290
568472460
568470332
568459001
568458985
568455462
568441073
568441053
568439568
568427852
568299344
568293116
568265958
568256669
568245015
568244292
567676764
567675309
567673445
567672781
567670054
567664950
567663821
567659835
567658625
567652840
567651194
567650232
567645543
567641978
567641930
567553238
567552684
567465918
567465860
567465582
567461037
567455676
567446046
567436510
567434562
567413275
567400442
567355957
567355632
567353051
567352908
567352478
567352290
567351801
567188689
567185462
567184737
567181774
567173743
567172259
567169504
567164684
567163351
567162193
567159152
567155992
567154138
567147385
567140963
567140207
567138610
567136913
567126356
567120640
567118827
567117593
567091388
567081686
567079983
567079686
567079141
567077555
567076787
567076780
567075417
567074614
566963039
566961641
566961001
566952900
566948176
566946521
566924335
566924321
566924153
566911338
566911146
566909839
566894756
566894478
566891616
566891197
566890338
566890230
566889857
566888958
566888820
566888335
566887827
566887206
566887132
566887122
566886740
566886599
566886076
566886060
566885441
566885298
566884390
566877595
566874730
566860787
566810834
566810642
566805380
566517313
566103593
566102772
565890934
565886628
565868167
565838533
565830824
565824963
565824487
565823061
565822773
565770064
565765047
565764951
565757242
565753261
565752217
565728814
565720806
565717980
565705497
565705093
565703153
565701750
565700066
565695489
565618404
565533165
565487886
565486132
565456954
565446727
565403998
565393107
565384038
565363000
565306066
565305997
565301392
565193596
565188501
565188325
565178387
565094985
565094789
565094318
565093863
565093850
565092759
565092508
565092478
565092446
565092445
565090392
565090321
565089956
565089673
565089412
565089212
565088751
565088706
565087902
565087892
565087632
565087627
565087592
565087555
565086097
565086095
565085820
565085394
565085267
565084295
565082218
565082171
565081182
565079884
565079328
565077529
565077312
565075202
565075014
565072921
565071233
565070112
565068568
565068064
565064102
565060277
564872540
564872346
564872036
564871895
564822562
564822550
564822401
564822342
564822337
564822263
564822251
564822169
564822138
564822050
564821878
564821761
564821620
564821602
564821544
564821189
564820991
564820913
564820891
564820854
564820699
564820427
564820283
564820262
564820230
564820207
564820198
564820194
564819778
564819723
564541390
564540361
564482150
564470738
564466988
564455410
564453732
564451895
564451839
564445960
564445513
564444569
564435952
564434724
564433319
564426850
564425700
564424166
564389375
564340975
564329524
564329048
564325704
564324857
564321817
564321804
564318718
564318529
564318167
564317919
564311069
564310863
564310581
564310397
564298217
564297048
564295752
564295704
564285759
564281973
564268868
564258061
564256170
564255756
564247403
564243592
564122794
563681927
563397774
563396011
563396008
563389588
563377873
563340076
563338401
563292834
563291259
563269211
562556898
562556299
562552321
562548219
562547332
562542916
562542302
561416874
561386702
561386244
561386179
561384161
561383299
561355060
561351593
561349502
561292857
561173131
560350829
558833961
558641029
558640533
558639770
558639001
558638515
558637229
558636708
558635556
558634892
558634283
558633664
558632020
558629756
558629056
558628198
558627467
558500662
558499936
558498295
558494637
558493884
558493418
558492735
558090308
558088702
558085019
558083472
558081924
557471391
557471104
557469227
557469066
557467312
557467094
557465460
557465437
557465393
557463482
557460995
557459088
557458948
557457171
557454985
557453804
557451931
557449597
557406555
557406443
557406153
557406058
557404991
557404977
557396583
557396334
557396155
557396055
557396029
557395905
557395878
557395816
557395768
557395717
557395715
557395673
557395424
557394829
557394733
557394091
557393585
557392624
557390620
557390252
557388044
557387565
557387473
557386142
557385646
557385393
557384435
557382867
557381366
557381304
557379555
557377644
557377089
557376026
557346477
557345770
557344796
557344578
557342897
557259023
557255743
557255314
557255311
557254918
557254582
557253892
557253759
557253277
557253064
557251780
557251266
557250333
557248553
557247777
557247666
557246817
557246764
557246615
557246184
557245933
557245235
556835595
556835263
556834179
556833836
556826645
556825136
556770679
556770365
556731886
556703926
556703353
556702221
556701789
556701371
556700100
556695626
556695483
556693546
556692084
556690180
556685877
556682641
556681103
556679575
556677251
556675651
556674700
556673767
556671642
556671033
556653897
556641032
556636820
556632041
556621402
556621318
556619595
556619261
556617675
556617626
556617152
556615027
556613082
556609218
556586470
556585030
556584716
556583286
556582741
556577118
556576984
556576365
556566187
556566091
556564385
556564175
556562442
556562123
556561563
556560554
556559928
556559452
556553228
556552718
556550401
556549269
556549031
556548266
556547398
556546968
556546416
556546276
556545414
556545118
556544648
556541877
556534792
556534678
556534150
556534057
556532697
556532611
556532360
556531703
556530573
556529982
556528584
556527309
556527282
556524457
556522748
556522493
556521386
556521105
556512741
556482270
556481650
556476844
556469567
556468886
556284036
556240518
556226417
556218787
556197729
556163680
556159490
556159416
556157739
556157426
556156114
556155581
556153861
556152727
556128356
556127719
556127004
556126777
556126295
556125368
556124583
556124380
556123773
556123614
556122848
555765518
555754815
555701934
555701869
555700064
555698034
555697621
555695476
555693234
555693040
555564251
555562703
555561591
555560703
555560294
555558415
555556617
555423581
555421534
555420179
555396055
555395821
555395438
555310671
555309098
555308344
555289275
555288759
555288312
555286469
555286315
555260649
555239541
555238941
555236059
555235141
555232394
555229692
555034143
555030078
555028622
555026948
555024722
555024639
555017074
555012349
555010528
555010431
555008214
555008158
555003991
555002361
555002305
555002292
554997381
554996741
554996398
554994034
554992155
554990301
554990257
554988355
554988208
554986386
554781152
554641921
554641127
554641075
554639238
554638203
554614674
554610469
554608104
554601346
554599494
554596401
554595083
554594302
554592291
554150872
554147522
554146564
554145348
554140852
554128623
554123899
554118507
554042174
554028425
553828318
553824632
553823692
553822804
553822202
553821346
553820801
553819467
553819211
553818723
553818536
553818034
553817830
553817288
553817157
553816612
553816455
553815888
553815770
553815239
553815137
553814649
553814565
553814064
553813113
553812806
553812444
553810119
553808593
553808442
553807554
553806473
553805144
553803631
553802898
553801945
553801148
553799542
553793770
553793171
553789832
553787775
553786888
553785638
553784713
553780818
553780370
553778667
553778160
553778034
553774257
553773768
553771515
553768734
553766610
553766603
553732326
553731198
553731186
553731026
553730189
553729318
553728423
553672576
553672336
553672242
553671881
553671508
553671036
553670528
553668731
553668719
553665734
553665725
553664250
553664099
553664047
553663904
553663167
553662241
553661999
553661854
553661751
553661708
553660535
553660036
553659804
553658257
553655727
553655253
553655081
553653813
553653378
553651717
553651248
553651008
553649535
553649047
553647371
553645040
553644721
553643156
553643064
553641141
553640544
553640520
553637282
553634677
553390472
553385071
553384801
553384415
553383698
553381705
553380742
553380713
553379354
553377411
553377381
553375510
553375418
553269671
553264030
553255356
553254464
553254042
553253959
553253277
553252328
553251769
553251678
553251662
553251545
553251432
553251243
553248385
553248173
553247222
553246963
553245886
553244179
553242495
553239167
553232881
553232780
553230727
553230576
553228677
553226631
553226456
553224746
553224196
553222153
553218851
553194883
553150733
553148936
553145717
553144204
553144124
553142155
553142093
553140719
553138669
553130199
553125329
553098635
551670312
551668274
551667894
551667788
551667778
551667729
551667718
551374962
550642646
550642125
549587810
549485180
549465979
549457757
549085552
548843295
548572241
548254554
547917294
543732306
543133636
542959207
542956115
542955577
542466151
542461545
542457450
542313086
541814776
540824814
540540138
540522822
540094481
539982700
539923861
539912958
539911308
539910947
539640852
539637535
539632884
539436270
539317965
538670660
537451117
537403205
537403121
537394139
537391721
537384460
537381815
536176941
536174659
536150513
536086569
535895309
535895052
535887084
535874850
535870708
535865591
535865271
535864124
535862953
535862314
535837440
535812705
535807765
535807342
535804383
535801426
535797299
535791995
535788158
535787124
535786145
535497417
535463684
535316406
535248589
535242550
535231435
534787488
534352209
534314844
534314579
534314456
534312038
534311903
534311145
534310150
534310056
534309661
534308702
534307711
534307111
534272713
534271331
534271239
534267990
533851685
533846564
533845502
532398378
531493103
531492722
531491925
531491592
531488174
531480339
531479658
531477826
531430897
531407610
531362782
531360557
530443550
522176766
522176624
521724797
521724664
521724637
521724476
521724295
521586192
521347283
517197166
516666159
515045244
515044609
515043759
514078035
512417585
512410242
512359650
512319432
509562155
509545986
509543142
509494494
509490641
509450109
509450079
508752373
508751908
508701036
508619716
508569193
508462889
508442297
508442296
508399978
508396373
508378999
508372227
508325381
508316198
508313185
508308901
508308670
508293842
508273895
508233010
508228544
508199814
508199794
507986516
507981937
507968851
507960944
507960158
507936776
507933834
507916997
507916975
507858040
507854370
507854052
507701950
507681258
507668535
507664188
507654577
507651602
507641625
507610613
507609360
507602563
507601613
507599552
507599209
507578350
507540405
507538918
507367989
507359013
507322139
507321398
507306815
507281754
507275340
507264576
507246563
507237132
507200230
507161288
507111838
507095138
507092932
507087815
507071444
507071169
507066296
507045977
507010876
507010843
507009843
507009809
507009636
507009612
507009600
507009413
507009359
507009261
507008986
507008558
506993316
506990357
506980731
506913520
506909074
506858875
506856342
506845812
506814033
506813689
506810437
506782623
506730300
506566316
506513424
506472024
506447958
506431651
506333673
506321843
506301377
506254419
506209670
506171267
506043560
506006754
505980832
505957036
505826415
505723218
505346007
499737300
497953998
497865586
496735041
496672575
496547878
496520957
496366979
493955418
493237755
490936583
490817849
487859956
484577416
483557067
480961426
480200004
480114815
480094456
479499791
478104103
477887808
477049106
474788181
471314957
471037420
468068541
467848042
467707717
463688340
461923627
461636107
461246253
457193750
457074594
456952436
456789269
456248069
455954997
454459017
454261921
452322322
448608256
448590429
447693402
447666014
447178032
447068981
446621529
444318962
443197794
440488440
439978504
438580322
437421896
437095837
436769156
435968321
434658584
433770834
429247551
428454961
427932164
427917572
427226954
427222379
427160819
426658714
426051259
424883818
423206789
421279990
421279187
421260248
421258885
421253215
421246250
421244651
421230561
420721076
417245537
417109583
415996790
412291410
410013890
409489119
409311608
406786549
406189680
404755470
404626811
404255073
402846559
401593096
401040318
400650733
399633052
399490201
398847871
398715482
396720595
396557788
395926061
394511146
393955076
393055118
391973342
390052757
389849858
385778229
385300507
384844224
383929610
382779434
377438931
376114371
375424842
373608888
371089687
369079239
365415125
365018976
364923396
363259227
361054031
361025742
360697104
355690969
353554136
353306337
353046786
352998694
351275890
351273303
350689540
349979708
346149987
345230394
342839692
342126840
339808292
339632837
339513472
338824895
338431968
338342063
337513951
336422377
336240708
336189641
335268500
333981765
333770537
332003302
331111425
330150350
329514259
328037001
325641091
325106013
324828981
324446730
321047268
320863702
320018250
319974951
319971106
318296379
317309367
312146028
310828868
309699237
308506313
304954257
304537355
302615037
300449950
299828139
299464541
298830252
298813515
298074335
297726174
297627789
297529573
297394944
297207479
297185852
296605186
296533638
296493081
296032031
296025749
295949149
295838728
295723449
294883859
294801072
294306389
293914084
293877597
292953840
292781157
292761487
292443140
291947021
291585756
291507565
291352235
290722560
290672618
290501642
290093605
287141993
285120702
284093253
283898744
282193383
282085720
281170199
280845172
280565185
280104389
279305952
279295124
278698811
278560731
277511256
274654501
273511718
273456585
271535947
271346534
270189601
267714419
263892668
261642567
261428650
260903048
260075917
259879887
259852636
259780046
259487864
259174725
258324379
258139107
256511689
254954155
254728926
254614559
254558865
254004476
253677869
253598475
253591779
252744784
251317466
250180958
250043333
249521616
248921642
248814713
248763893
247909722
247865302
247236513
246892186
246216227
244916259
243982141
243032581
242190572
240105806
237939791
234531660
233928516
233846754
233766502
233402170
232916764
231743819
228619777
226712623
223752066
223516965
223099116
223003279
222795443
222650154
222415991
221778983
221056957
220881478
219699812
218774846
216937295
213766612
213121134
211077208
210586059
210283174
210208656
210136967
209834941
209598407
208799706
208774868
208669665
208178956
206795065
204255196
203792778
202537084
202096328
201766672
200334063
199811250
199376983
197723273
197294482
195064995
194775052
194709505
194693145
194242167
193745350
193440412
193348671
188144420
185152860
183738552
183072387
182074547
181835806
181275226
181240876
178655950
177362923
176008742
174981466
172886261
172215446
171454842
171360029
170457136
170040507
169353406
169316487
168821283
168661360
168649094
168583831
168438546
168003569
165482528
164023296
163395836
163050560
162299728
161936582
161765581
161666360
161616720
160974813
159027134
158471883
158000183
157280575
156838323
156644274
156578394
156186095
155987594
155635856
155201172
154848586
152660245
151861342
147964478
147728847
147038640
146282653
145793045
145678019
142277946
142216580
141357931
140447500
138758704
138517070
136685415
136367834
136205375
134858581
134547743
134106705
134030517
133162362
132461125
128650695
123216104
120492671
116969845
114460712
109896794
105835238
100928992
95901524
75052352
74145110
73075278
56742164
54268560
50541222
49786671
38934809
28494650
26597565
23683018