1000092464013815811
100045765
1001000517173174272
1001430873999278081
1001720633837981696
1002137724122484737
1002157537276452864
1002487576039772160
1004054019302678528
1004399668732850179
1005451129981931520
1006962788168814594
1008209868296253441
1008485089
1008680856163143685
1010225815047626754
1010526509935878144
1010707815537823749
101099204
1011580946691379201
1011906065452208129
1012275384816160768
1013373314331561985
1013901246313443328
1014246257982889989
1014295321172692992
1015661849637998592
1015671860820955147
1015894401963495424
1016400053215391744
1016773628287909889
1017007608039968768
1017031413760184320
1017122487816122368
1017381567004540929
1017790054545133568
1018062586947014656
1018149472784789504
1018568802601140225
1019515735436091392
1019819867107725312
1020193920301531136
1020556776314490880
1021093594202099712
1021328852537233408
1021674174
1021712844
1021737212638060544
1022155152541839360
1022805329002864641
1023288019649028096
1023490199375032325
1023602101308596224
1024915850422362112
1024941687037222912
1025105442941362177
1025359876359430144
1027053899520372736
1027158942449913858
1027277374063345666
1027305062996029440
1027985133012508672
1028151233486434304
1028190120929845248
1028340346084884481
1028969075190452229
1029011066062348288
1029070615515410432
1029241283364245504
1029276127548858368
1030593270
1031189616966156292
1031425970161549312
1031552017838342150
1031582980945444866
1032218629109104640
1032314371433791488
1032365182729826306
1032368711754244097
1032501463
1032607982
1036941735589494784
1037649008
1037650449795624967
1038010609634291712
1038198468051968005
1038659156033634304
1038809617445408768
1038869386591911938
1039812959315390464
1039836475892883456
1039872062989455360
1040317317924745216
1040504786427289602
1040525437284364289
1040532695955251200
1040620379893628929
1040708843888697344
1041272298496356352
1041299871917985792
1041706514539401217
1041755275651362816
1041932302929076225
1041963772141817856
104202658
1042144989927690240
1042160776742662145
1042507058883506176
1042857221082816512
1042885479488778242
1043066759098626048
1043163243617898496
1043220288429805575
1043507878240440320
1043542657262411776
1044821192945938432
1044974515535654918
1045208035277369344
1046036371113234433
1046148315778363392
1046456782909050882
1046776106970431489
1046801514067578880
1046862752697004033
1047569388868702210
1047732526733840385
1047880732004274176
1048062893357510661
1048255295540137986
1048291972446920706
1048606400618926080
1048662193502388226
1048738356069380098
1048984241739124737
1049260704698716160
1049306001210527744
1049584801307611136
1049716609168887809
1049717310750158848
1049742815654240256
1049968427190882306
1049974993931694080
1050498952209010689
1050629055995760640
1050688509135253504
1051099850241187845
105136447
1051409081838264320
1051562253617717248
1051737896875626496
1052385722190057473
1052523221088489472
1052524109224181761
1052607735030800384
1052650206200819712
1052658508544524290
1052828783353491461
1052882565273722886
1052931940012048386
1052972972993118208
1053319288474558464
1053685481765064705
1053692377989308424
1054388179430752257
1054432357422383110
1055072594204995584
1055450600962486272
1055750518763593728
1055994370258804736
1056418762289790976
1056504155769106432
1056676051114434560
1056984664387342336
1057266914668539905
1057411573952794624
105745270
1057903111149404161
1057946613837115404
1058328815150215169
1058441677650755584
1058738903434387462
1058775267278241793
1058800936678813696
1059372386917777408
1059385715476307968
1059760116273217536
1059803430179561472
1059832977318928385
1059911053411344384
1059955206
1060055537780449280
1060428604537032704
1060622125940330496
1060660231640887296
106083777
1061268674882007040
1061485788758728704
1061532967317786624
1061654467182018565
1061989935736147970
1062065501365514240
1062544324477534208
1064011652784431104
1064266575191187456
1064552421047844866
1064594002169741318
1064621880362131457
1064876222902079490
1065372458
1065559456463888384
1065576303053742082
1065642265190850560
1065663571437211649
1065693867410972674
1065859146929590272
1066125223051833344
1066384843183976448
1066439231608942592
1066703732933607425
1066777379236921344
1066778945616572416
1066780265991847937
1066785929493401601
1066786534412730369
1066787987294429184
1066788946246582273
1066789110852059136
1066789537165336576
1066793583288754177
1066794328071303168
1066794815810088960
1066795383383302144
1066799329548083202
1066801088744120320
1066803046049611776
1066803605917839361
1066823229959036928
1066838352173903877
1066840917267685376
1066854368933232640
1066875366562766848
1066916677680545792
1066926577450135552
1066941302397374464
1066950287380946944
1066950432151482368
1066958009224581120
1066962307471863808
1066983677610139649
1066990623654330368
1066991719793811457
1066991777163415552
1066996654430130176
1067013675528146947
1067021849127780353
1067029986115284992
1067032861419757569
1067052384461963264
1067054956518301696
1067064641488965632
1067065587023659008
1067079772747034624
1067080391889162241
1067090283253374976
1067094832429043712
1067102776835092481
1067168796916494336
1067193884441235456
1067267832747036673
1067315290265010176
1067339343382089728
1067353956777627648
1067413432494895106
1067422573967884288
1067483558510583809
1067487689124036608
1067497752937054211
1067499722758397958
1067506506650787840
1067554696460738565
1067778059783348225
1067869847973965825
1068085026934394880
1068190371971252227
1068223165661364224
1068231605108523008
1068233750876700673
1068245998483513344
1068276459641413632
1068285533791633408
1068461735550566401
1068514357749796864
1068843526581047296
1068863413638623233
1068865849270956039
1068944229869805568
1069179473860485120
1069200679305129986
1069232309369544704
1069253993917030400
1069264707457085441
1069566061157236746
1069837668073250816
1069898525801107457
1069951565270843392
1069986504133566469
1069993201048698881
1070001467350757376
1070042535375106054
1070076102301896704
1070300290396635137
1070341932528910336
1070607407376678912
1070685968489959426
1070726386195853313
1070975761102880771
1071259218244747265
1071531314938032128
1071689472117534720
1071702767423635456
1071734280018120704
1071738016178323458
1071844114881282048
1072109129546764289
1072469201154125824
1072554660114956289
1072563572687994880
1072630240093093889
1072753981833834497
1072776509394509824
1072798952074960896
1072884443755528192
1072904366007480321
1073181665554501632
1073181670352842760
1073274837626437633
107358670
1073624852693696517
1073628982262812672
1073803555427954694
1073900217693626371
1073957474124865536
1074010619030986752
107420689
1074246361388933120
1074360392044945408
1074377689375625218
1074611435702050817
1074756016766627841
1075025845083881472
1075413074662907904
1075649864137142272
1075750133764157440
1075768916192972800
1075876059852214277
1075987700241588224
1076175375913418753
1076465880475815936
1076546400232583168
1076549606232727552
1076781654621020162
1076888250667667462
1077448430887358464
1077561978888114176
1077662701537636353
1077915910504091650
1078037058411810817
1078070885632929794
1078219622309158913
1078266719972589568
1078355744037265408
1078384419851911168
1078441238389538816
1078957094932484096
1079022396697444352
1079097892521029633
1079317633298771968
1079375091333582848
1079382113911275521
1079778494845018113
1079883904448901125
1080120290166878208
1080139197720207361
1080185096131543041
1080200246247022592
1080400048083648512
1080548893304279040
1080760667479687169
1080762446271389696
1080868190
1080925707369414656
1081105167007838208
1081166902301523968
1081167457950359552
1081189501320474624
1081328336201228288
1081336597667344385
1081519701560344576
1081544422100254721
1081559324089110528
1081636462855102464
1081878498149580801
1081893658541113344
1082069561908830208
1082218521340329985
1082363838786355208
1082510518743638016
1082596024198279168
1082612547516280832
1082636548611428352
1082652274239959042
1083022821813567489
1083102517213442048
1083436944175046658
1083446791838879749
1083642278579748864
1083755233648537605
1083770044839006213
1083780653576015875
1083828157424123904
1083981936169758720
1084089415838896128
1084445782810472448
1084531888293847041
1084828550354649088
1085177266110414848
1085257829035008000
1085767964
1085856143262605314
1085934462217658369
1086003221762592770
1086232914126426112
1086295573290983425
1086336100145213441
1086478358848946181
1086584557229559809
1086599411923410944
1086709340680212481
1086722766370467843
1086897408993304576
1086936411138375682
1086962805687967745
1086975028120432641
1086989146810396672
1087252635395215360
1087257644895752192
1087379363274862593
1087455927895314432
1087464808922923008
1087468251867697152
1087783699075252232
1088047566405685248
1088466303940202498
1088510509631094784
1088650521383239680
1088780775795970050
1088804011980017669
1088849349512183813
1088902900401750018
1088973516144345090
1089137224636121093
1089187357004308480
108922097
1089559238144417793
1089672563326889984
1089825260634079232
1089897180775747584
1089899232616767489
1089987555943219200
1090001565862318080
1090035932823212034
1090303486074466304
1090424885782941696
1090518760719433729
109053682
1090672138900701184
1091343228266270721
1091385884686077952
1091710397688827910
1091994533326450688
1092152375035469825
1092459554
1092607754
1092647686275248128
1092718653534101504
1093153899379347456
1093453524103544833
1093776312601325569
1093819094611181568
1093849184111861761
1094172018927456256
1094963367742267392
1095049593824399360
1095282101971243008
1095297774109761536
1095297847761793025
1095298726443302917
1095347466726227968
1095744376628760577
1095780656762839040
1095815577870970881
1095883616
1096121510060875776
1096791869651062784
1096808584728453120
1096858195669209088
1096859811591929857
1097071327087869952
1097161598664392704
1097188412644302849
1097214013304389636
1097410395147567104
1097471746431692800
1098327026136682503
1098525877460193280
1098615270577451010
1099019392430551040
1099237899021754368
1099363299785916416
1099407113359638528
1099425371391438848
1099544603932409857
1099645510548406272
1099660897151340545
1100066648638320642
1100388514364096513
1100451624
1100458171431292928
1100742842820055041
1100764268251791361
110101832
1101211174375514112
1101386337683427330
1101405711333027840
1101489801054904320
1101511839152852993
1101843463019077633
1101877297613819904
1101975484995432448
1102046256497676288
1102439197393203206
1102609584592773120
1102640451323084800
1102694962335019013
1102892853011931136
1102943348539707392
1102978030400610305
1103189616033783809
1103285542211457025
1103557015387992064
1103649189995655168
1103650224587849728
1103732359088738305
1103778527403491328
1103886431435423746
1104066712322916354
1104474657015648257
1104632810160181248
1104643251905146880
1104690104327651329
1104697784677093376
1105015236552261632
1105194954085797889
1105221541137207296
1105495054758658048
1105527973027950593
1105751634758512640
1105776140340391937
1105801857849540610
1106173126071730179
1106207980515741697
1106675451634831360
1106841643423014912
1106966036228780034
1107145843067535361
1107198962963017728
1107205309058244608
1107356429684539392
1107660045997748226
1107698415012638720
1107703138755186688
110782317
1107855673126240256
1108318158228738048
110838252
1108387743464329216
1108854607005007872
1108908104488357888
1108964132978458624
1108988359140098048
1109206723837988869
1109353112584757249
1109417372488814592
1109437526341750785
1109448129278078976
1109458081929486336
1109490557238300672
1109496858907471872
1109517668888051714
1109568722409267203
1109609737811906560
1109644638502178821
1109692386228215808
1109891254236659717
1110126280777838592
1110238409526861830
1110252322591068160
1110465269909069825
1110602022867349504
1111125575299727360
1111207947214954497
1111232416964898816
1111295979066671108
1111302804562427909
1111369787152699392
1111731064672784385
1111882261333528576
1111916377814765569
1112089793587040257
1112271652870598657
1112318801838833665
1112382301982412801
1112436244145991683
1112753364604018689
1112761994057265154
1112765920819191809
1112774935242596354
1112972168030285824
1112985893240008704
1113204801972645888
1113383810190708737
1113399212656427008
1113459349454839815
1113505986139049985
1113506420379484160
1113513577137225728
1113549560402599944
1113674233983459328
1113698598569631744
1113730642376888321
1113751474390147072
1113788265944047616
1113842496872820738
1113854923857453057
1113918296108281856
1114031683395837953
1114041792486412289
1114102062919196673
1114180570152689665
1114244350786134016
1114244927775477761
1114273881014063105
1114571554623578113
1114577543099834369
1114613055197995010
1114764209567481856
1114812343274418176
1114877360325656578
1114886864043900928
1114893586401824770
1114947434600386560
1114995717087596551
1114997381169332225
1115173410794037250
1115177655295410177
1115247193588412416
1115287316
1115309057328459777
1115319329887805441
1115320261753081856
1115365261396402176
1115468284869136384
1115493216202051584
1115517959475224577
1115535137767342080
1115549881408598017
1115725434967085056
1116057879574974466
1116074366603804678
1116236890254999552
1116292461180129281
1116326669499949056
1116360852582563840
1116366184532840448
1116369788958380032
1116385293744132098
1116392876869599232
1116409857207414786
1116678270358032384
1116697701977075712
1116733773952036864
1117305352930889728
1117411938940719109
1117429827294855169
1117596610698018816
1117782965499699202
1117813545843023873
1117824879225655298
1117879154823901186
1117906201780551681
1118098753389563904
1118127411625959424
1118171841317801984
1118250873371668483
1118424080380825600
1118438459910365184
1118468865342803968
1118486900027920385
1118534704955785224
1118964758978400261
1118965676633411584
1119118240175628288
1119313655189913600
1119329518534189056
1119526864119320576
1119621629880012801
1119677199651569664
1119700924598038528
1119862638090100736
1119865492792127488
1119869131300462592
1119901449062952961
1120017670944980994
1120025111283867650
1120034954036097024
1120051151808991232
1120066702019108864
1120075999721476101
1120088672123215873
1120103596719333376
1120114540811837440
1120224005049466880
1120230079664132097
1120246991550930944
1120345738985263104
1120378547519021056
1120391416943869952
1120402915359952897
1120405465941315585
1120434055953178625
1120434360346394626
1120446450641645568
1120562504499855360
1120568176083972096
1120572020008341504
1120596500520800257
1120624254796664832
1120688307002912768
1120709499948601345
1120736114384543746
1120751654205366272
1120778488909373440
1120782610664439813
1120796207683645445
1120832913795354624
1120842641166471168
1120885170050088962
1120892024670961665
1120947401672601600
1120963155469971457
1120981403951411200
1120990952653508610
1121033598969241600
1121078284891185153
1121082781302435840
1121090641084276742
1121091002125647872
1121102368051990529
1121104458648379392
1121107333457772545
1121113847891468288
1121267364270608384
1121303169865265152
1121322175217242112
1121448256075128832
1121470851742871552
1121517432181592064
1121577626085351424
1121637041614114816
1121695463944671232
1121747876361719808
1121751235785318405
1121938363156770818
1122071752052551680
1122117669677862912
1122141942937214976
1122431629446799360
1122505762536923137
1122535031799472129
1122782241820741632
1122877489855049734
1122903760387416070
1123111071349399552
1123120329658961921
1123171484514516992
1123225262626430976
1123297424339099648
1123301337402413058
1123517465932201985
1123887684169158657
1123977612672536580
1124007857270214656
1124257448506875909
1124934416357298176
1124985359258009606
1125072593734766598
1125134732306669568
1125363211035992064
1125724857805811712
1125826475977003008
1125965332106162176
1126056957612371970
1126068816008622081
1126146019178287106
1126551885954060290
1126631060312346626
1126742512805146624
1126842504794595328
1126882940372303872
1127051430
1127201005337284608
1127239035079073793
1127557040946262018
1127901753209499648
1127941360370290688
1128053242024419328
1128196740845375489
1128321302673199104
1128343272
1128700709141188609
1128963054664863745
1129367932465745927
1129448617486553088
1130008155784716288
1130392110904029184
1130449329964109824
1130558307834441728
1130750169178361856
1130843607840231424
1130897723828441088
1130950190456889346
1131100261588656128
1131108013752901632
1131418122999783424
1131441386740473857
1131530676430352384
1131617216556949505
1132348029372174336
1132407913287495681
1132525531004583936
1132748381443502080
1133254660838576128
1133682506665009152
1135146785968705537
1135435811393015809
1135867278501777409
1136345470115225600
1137392600070201344
1137414192082948096
1138077595
1138912415599550464
1139028432707305472
1139089343795138560
1139183212251496448
1139456084220043266
1139705814049001474
1140366837189926912
1140496249285697536
1142494394744016896
1142542727764217861
1142740457249808384
1143426869263556609
1143790468142108672
1143938783840219136
1144275728676073472
1144947560475439104
1145055705927475200
1145239926642008065
1145927529951387648
1146099036493160448
1149387014250409985
1149663561112797184
1149671502297612288
1149952225298526208
1150285647212621826
1150469184
1151238621980180480
1151446980041805825
1153360259966230529
1153786487323930624
1154628682453069826
115468905
1156091614978330624
1157291590525816833
1157328337645309952
1157914294954184705
1158466651785965568
1163688728
1164083404507402241
1164494483670667265
1164866339900723201
117738855
1178532691
118319111
1183300747
1183707594
118384767
1184266454
1187165881
119020165
119066429
119324044
119462409
1195991682
119838402
1201814197
120887677
121228641
1215519218
1218572216
121996840
122031232
1233404437
1236229699
1237932906
123874285
125621197
1261620204
1264954381
1267732087
1272343158
1274749039
127549782
1277197596
1277223505
1281507692
128950908
1294048279
1294728954
1295165592
1299699613
130516837
130721819
130795291
130901870
131117257
1323011137
132441518
1324441801
1325266014
13334122
1338627769
13469332
1352075413
1354535221
135528562
1356618764
1357463407
136051812
1363029174
1365052795
1376954340
1380411212
1382229756
138531063
138791068
1402121719
140555089
141223551
141518488
1428046723
143054768
1435325096
1437867523
1439659718
1455083180
1456521847
145657582
14568773
1459681586
1460065766
1465501752
146966913
148709440
148878943
149440504
1510606501
151572935
151651683
152075504
1522571490
15286917
15301503
153515494
153521080
15384686
1545166244
15512670
1553624065
155512987
155564897
1558975160
1568265516
1568892644
156977391
15719868
1572475206
1578256844
1583834520
1583928336
1586265697
1586312371
158672676
1589149812
1591491678
159883545
1601096150
160156405
1603304126
1609911462
1611290443
1615855765
1618664785
1623550938
1625498414
1627587378
1628764051
1636004856
164314093
164764211
1649577277
165006306
16504483
165171772
1657850136
1669709826
167444505
167468541
1682603592
1693002312
169714974
1701002628
1701152527
170592212
170671200
170737784
170747591
1716793100
172875520
173067255
173223564
173761117
17460630
174731429
1750490528
1773584274
184478799
184690708
1848965959
1849309117
185146471
1854353041
1855434692
1859835216
1863806197
1877154174
1883924160
18876589
1889966570
1897142827
1908214117
1908927554
190967407
1917949831
1920302161
193230771
1936747892
195457029
1954822928
195760277
19585100
19643520
201063143
20245527
202772098
20302398
204744396
205638674
208110375
20851192
210803953
212166053
212674817
212989339
2147549837
214908068
2161125720
216427663
21685155
21747521
2176150008
21791386
2182950511
2182965666
21842735
218524102
2187485620
219088724
2190928406
21934491
2193721600
2194466207
2194741959
2194747733
2195978625
2196999556
2197765615
2200361799
220093011
2201387926
2201538088
2203311610
2203934639
2206046584
2206429977
2207625002
2207809345
2207874107
2207892198
2208645812
2208755803
2208835813
2209526372
220954713
2210096451
2210563663
2211278105
2212018919
2213818153
2214200822
2214678572
2215451064
2215744401
2216118525
2216347794
2217005765
2218004518
2218139746
221833854
2218707893
2220110095
2220285567
222061256
2221024185
2222808958
222296418
2223021049
2223341641
2223432471
2223863806
2224914824
2225360785
2225595024
2225618274
2225762770
2226332197
2226466230
2226627967
2226857880
2226946206
2227240897
2227340539
2228181870
2228234012
2228290855
2229941828
223080621
2231189252
2231665286
2231728206
2231942665
2232696800
2233218015
2233617983
2234376828
2234854686
2235943586
2236267206
2236514743
2237708437
2237724428
2237858468
2238154308
2239787504
2240147407
2240287754
2241164036
2241176767
2241252726
2241353916
2242128619
2242404181
2242868060
2243702629
2244594986
2244611491
2245537242
2245765819
2246904024
2247041233
224744037
2248847946
2249202223
2251489318
2251781390
2252089789
2252478698
2253110636
2253567901
2254605193
2254740889
2256838303
225769823
2259324037
2262598273
2267626159
2269273748
2269348165
2272809289
2274008857
2274255962
2274620035
2276585233
2276779309
2277087875
2277152830
2278053546
227999644
2280018477
2284449086
2286991244
2287352534
2289772509
2289807944
2290133480
2290203898
229138903
2293494243
2294598662
2294899362
2295761596
2296219634
2296230937
2297264237
2297487663
2297581089
2297900026
2298467555
2298646598
2299270861
2299400111
2299819861
2300517487
2300940126
2301714302
2301859783
2301940992
2301975577
2302731078
2303310055
2303708150
2303758141
2303846017
2304545543
2304553537
2304576649
2304713616
2305513062
2305603368
2306391379
2306555475
2306638652
2307156889
2307307770
2310624740
2311731811
2312571430
2312640612
2313003566
2313341941
2313595675
2314164728
2314357491
2315598319
2316189727
2317843555
2318776318
2318878098
2319475778
2319487012
2320581774
2320766863
2322041877
2322815256
2323863518
2325353970
2325867612
2326650571
2328179083
2331762633
2334307178
2336196003
2336352714
2336469414
2339279990
2344571893
2345291901
2346863728
2348266597
2348372402
2350069196
2350551325
2350631013
2350773223
2350785930
2351523488
2351796313
2352099679
2352950240
2353003632
2353083811
2353220360
2353320340
2353643642
2354360805
2354546182
2354650640
2355153867
2355258578
2355828084
235582859
2356046965
2356105751
2356466160
2356779134
2357967438
2358082761
2358299504
2358563910
2358744281
2359347366
2359419318
2359965062
2360627440
2360819888
2362333436
2362568953
2363238846
2363784932
2363950957
2363978235
2364109320
2364842007
2365757551
2366888390
2367452898
2367473725
2367623064
2367628770
2367665251
2367683951
2368682750
2368751360
2368967366
2368970074
2369029634
2369297341
2369425718
2370235003
2370392209
2370616813
2370741366
2371524430
2371656176
2371804841
2371878246
2371918382
2372768953
2374934514
2375119342
2375221782
2375924628
2376085187
2376106667
2377047012
2377539416
237757611
237766233
2378309372
2378344020
2378397728
2378922659
2379773459
2382121987
2382479468
2383413742
2383604551
2383997281
2385178362
2385406660
2387802484
2389973288
2391615488
2391625717
2392208092
2392932036
2393910704
2394655162
2394662744
2395087174
2395703742
2395790593
239786506
2398035404
2398235456
2398500259
2398532792
2398672250
2399352552
2399361228
2399557279
2400019927
2400073202
2400235495
2400295590
2400458905
2401174848
240170221
2401726422
2401751969
2402808375
240350586
2405704793
2407810276
2408104292
2408801095
2409356881
2409494725
2411307523
2412333235
2412433982
241327547
2413975289
2414773784
2415072836
2416392342
241725263
2417904857
2418869918
242319679
2423747006
2424233898
242526814
2426826379
2427582768
2427854240
2429667480
243073326
243238269
2433302142
2434281157
2435433762
2436009523
24361948
243669253
2437357712
2437570514
2439760494
2439969127
2441706252
2441919655
2443583964
2444421534
2444553133
2445534734
2445563341
2445933313
2447081040
2447899382
2448012295
245011220
2451887828
2455114376
2455347944
2456915268
245760099
2458774080
2460460529
2461751576
2465112006
2465176974
2465326765
2466591570
2468110104
2469238134
2469796753
2470285229
2471535419
2472385783
2472561901
2472951332
2474031764
2474594322
2474597292
2474960144
2475958092
2476622113
2477150935
2477179087
2478036938
2478705950
2479668883
2479959522
2484081770
2485583286
2486326750
2488151768
2488954261
2489476117
2490206774
2491099160
2491481762
2491752169
2492560272
2492726238
2493200143
249335006
2493552818
2493682178
2493943782
2494565960
2495940500
2496566246
2496923701
2497038032
2497056368
2497280164
2497837818
2499313052
2499697554
2499978518
2500106066
2500148212
2501328475
2504380015
2505022950
2505351962
250696134
2507094965
2507375784
2507853192
2509982312
2510520847
2510715404
2511046149
2511982681
2512019239
251214538
2512220699
2513624185
2514985265
2515011956
2515578983
251576816
2522657280
2522880580
2523729383
2523867340
2524904793
2524963098
2527011824
2527254774
2527883576
2527966370
2529411896
2530012230
2530342852
2530765466
2531613214
253163809
2531677454
2532089439
2532111906
2532520967
2533656675
253453673
2535039045
2535931446
253640156
2537826094
2538039740
2538888189
2539030634
253928234
2539463131
2539518866
2539692010
2539694270
2539695398
2539777344
2539948321
2540785820
2541694316
2541775950
254233183
2543655588
2544061142
2546590346
2547786662
2549465575
2549656178
2550705367
2552256096
2552878908
2553111391
255497150
2555131981
2555261532
2555585942
255604417
255644109
2560001267
256035357
2561109002
2561526171
2561857412
2562082395
2562886058
2563167545
2563730108
2563906639
2564757006
2565423540
2565605114
2566715965
2566737540
2568315856
2568606470
2568646999
2570522812
2570653569
2570815612
2570831198
2571494252
2572475312
2572584140
2573043876
2574393630
2574601466
2575344338
2576044387
2576194670
2577078332
2578159783
2578236457
2578568544
2579521251
258072964
2580812306
2580843330
2581016168
2583905438
2585518388
2586223532
2586332233
258974620
2589811609
2591080482
2591970049
2592961034
2593166912
2593278102
2596328394
2596787295
2596864256
2596899525
2597333688
2598114599
2598404150
2598466200
2598590132
2600450036
2601618462
2602017421
2602064016
2602131463
2602412198
260346172
260399629
2604273244
2604297850
2605608762
2605764724
2606011986
2606400973
2607881998
2608638640
26086469
2609580278
2610949412
2611449897
2611718016
261349140
2613690259
2613984086
2614030332
2615403254
2615780394
2615897888
2617417644
2618353954
2620770031
2621992415
262968780
2636637758
2636962822
2636975357
2637468901
2638472588
2639135671
2639522522
2640075578
2640231666
264185395
264417795
2644711128
2644962056
2645395926
2647219537
2647224930
2647238100
2647348531
2647381208
2647444261
2647610046
2647720089
2647840802
2648093484
264856203
2648929074
2648933376
2650075776
2650237866
2653850772
2654458033
2655168960
2656244756
2656393248
2656650248
2657023946
2657024449
2657465664
2658957878
2659496048
2659919485
2663917692
2664030384
2665113295
2665338210
2665753687
2665895096
2669252425
2670439668
267103268
2671576413
2672060920
2672981377
2673957097
2674755010
2674801680
2674935894
2677399051
2679217038
2679411289
2681651593
2682610116
2684429713
2684980207
2685081332
2687648576
2688114684
2688242320
2688261252
2688812910
2689267945
2690152040
2691079285
269196751
2692287469
2692438918
2693258366
2693500115
2693655013
2693913674
2695866710
2696537748
2697592984
2697910004
2697919183
2699167724
2703320754
2703537564
270426242
2704769084
270546752
2705937541
2706337302
2706670189
2707246500
2707342930
270883309
2709291350
2710965195
2711537226
2711750958
2711779482
2712907070
2715843719
2716719063
2716918061
2717138261
2717217052
2717360371
2717416902
2717677191
2717717150
2717965140
2718116020
2718557187
2719375400
2719659667
2720614786
2721102737
2721839328
2722278475
2722340576
2723096867
2725589193
2727528803
2729099858
2729289533
2729294382
2730280430
2730535402
2731070846
273115157
2731233865
2731362807
2731555167
2731599138
2732248963
2732255652
2732472335
2733438526
2733747821
2734139381
2735331242
2735585206
2736967978
2737124888
2737941428
2739744287
2740041275
2740394490
2742360451
2742461376
2742609616
2742804534
2743014384
2743230717
2743233123
2743286255
2743429623
2743468293
2743557598
2745514091
2746109805
2746140356
2746518512
2747339669
2748274809
2748608792
2748720525
2749355324
27495450
2750011453
2750076441
2751601147
2751678102
2752021688
2752620062
2752790885
2752806461
2753084863
2754404640
2756931359
2758282831
2758352232
2758683324
2758916022
2759137074
2759420771
2759796739
2760008413
2760299416
2760344164
2761331956
2761709602
2761910689
2761917762
2762257874
2762842475
2763397142
2763659786
2764082718
276486020
2764972149
2766539927
2767007736
2767024045
2769549002
2773286071
2774480515
2774565314
2774584610
2774612040
2774710778
2774760396
2774795335
2774805636
2774806135
2774832259
2774954802
2774992995
2775085579
2775348268
2775407305
2775644394
2775679868
2775833761
2775845094
2775857870
2775880825
2775888757
2775916627
2776162358
2776216963
2776219602
2776236692
2776269295
2776335014
2776380048
2776440236
2776503829
2776590187
2776610942
2778764390
2779011126
2780057791
2780395765
278049068
2780837270
2781034248
278119022
2782652281
2782697730
2783676315
2786404254
2787344070
2787555572
2787583344
2787844894
2787986275
2788902214
2789206378
2789242710
2789429556
2791340766
279167020
2792253733
2793383065
2797265750
2798384060
2799227323
2799371907
2799739941
2801611511
2802108620
2802223914
2803457426
2803532420
2804161899
280423108
2805652003
2805922550
2806032143
2806215328
280685199
2807118956
2807930750
2808438137
2808550186
2808622511
2809903132
2810222751
281125303
2811514181
2811635970
2812522188
2812716752
2812759719
2813211205
2814972940
2815358030
2815835523
281583699
281917206
2821090731
2821119179
2822792079
2822838199
2824586635
2824594100
2824660846
282627386
2826518965
2827373579
2827438479
2827817113
2829648713
2830153982
2831916949
2832603275
2832639424
2833739038
2834116371
2835114005
2835449812
2836330155
2836958635
2837592641
2838673331
2840059179
2841000940
2841059427
2841434368
2841494559
2842205099
2843388051
2844376701
2844470447
2845151157
2845199361
2845525529
2846356186
2846488863
2846593139
2846911900
2846978690
2848653730
2849512985
2850064485
2850369195
285146048
2853197403
2853515741
2853753303
2854584359
2855098091
2856419291
2857195083
2857810875
2858382557
2858553316
2858853777
2859160361
2859537070
2860039757
286111294
2861308883
286209596
2863065760
286311786
2863316866
2863706909
2864059091
2864367412
2864486847
2864762967
2865288300
2866391799
2866784701
2867023623
2867139737
2868890199
2869175979
2870668097
2871105639
2874090935
2876113924
2876562502
2877967222
2877976941
2882380780
2883124529
2883135629
2884142517
2884376897
288492468
2885474015
2885489602
2885568047
2885979329
288655278
2886591701
2886693228
2887295103
288867032
288874247
2889685473
2892075873
2895151882
2896034133
2897149342
2900511245
2900561811
2902481128
2904353560
2904563897
2904905170
2905013992
2905583477
2906324590
2906585141
2908023701
2908221820
2909160388
2909176641
2909259784
2909779858
2914215597
291584574
291640589
2916451034
291861363
2918994527
2920209160
2921569655
292183755
2923589967
2926706368
2933679749
2934226024
2935479010
2935557153
2935803623
2937196522
2939524157
2940089927
2943187457
294332076
2943702129
2944082116
294781252
2948717951
2949022475
2949891851
2951127539
2951131024
295216876
2954730245
2957032455
2958481930
2960231697
2961296981
2962044603
2962636305
2963030799
2964514937
2969698383
2970094126
2970171653
2971886254
2972846003
2974299838
2974312457
2974346687
2974896376
2975949795
2977012846
2977862068
2978935012
2979589103
2979784756
297984320
2979894568
2981027830
2981123771
2981744800
2983066305
298401073
2984020823
2984620228
2987269156
2987484849
2988074175
2989634205
2990861494
2992677333
2992965713
2993968893
2995285897
2996312829
299682867
2997390875
2998087491
2998134088
2998638706
2999534489
2999554359
3000910017
3001201575
3001718597
3002902589
3003636557
3003809841
3003892434
3004019133
3005306573
3005782011
3005801409
3005920264
3006044687
3009249386
3011898473
301318032
3013306537
3013490680
3014389553
3018133829
3019535589
3020078509
3020317415
3021075808
3022144365
302425104
302676337
3026780617
3028689160
3028872856
3032773409
3032941186
3034189463
3034311197
3034378509
3036378987
3036501328
3036691833
303701081
3037793261
3042312016
304290953
3044606141
3044838022
3044960919
304612571
3046817744
3046985723
3049715153
304983264
3049972600
30518562
3053170378
3053965900
305638126
3059273092
3059468692
3060297922
3064399193
3064489935
3064592218
3068318986
3075611721
3075685457
3077934047
3078146188
308421908
3084417207
3086558475
3087539957
3090749947
3091510348
3091678487
3091720583
3092709874
3100530051
3101292773
3104973772
3105118373
3105735754
3105849761
3107444770
3110530091
31137462
3114242590
3120997185
312149113
3124321433
3125048753
312573458
3125736946
3128122121
3130883525
3137302282
3139104669
3139751495
314103707
3142037511
3147564532
3150546424
3151304223
3151411125
3151673207
3153892438
3154057833
3164765770
316490589
3167396152
3174045111
3174176759
3176914258
3179764209
318539837
318597687
3191053600
3197695577
3198300301
3208557785
320966346
3214574997
321631337
322842302
3230204549
3233802591
3236500653
3243131140
3244762258
3245231062
3250178055
325170799
32531375
3253818585
3254316041
3257386156
3260047947
3260942444
326681121
327233469
328107219
328471673
328578275
3288837401
3290098225
3291131637
329217575
3292693791
3292960014
3293416291
3293972171
3294077848
3294609409
3294635521
3296448742
3296590171
3297031365
3297351139
3297877914
3298452502
3299074715
3300250150
330064705
3300687719
3302317486
3302446541
3303895773
3304044430
3304197418
3304557209
3307100075
3307122148
3307323257
3307355116
3307406002
3308384009
3311063877
3311653727
331227292
3315275991
3316748525
3323621302
3323694889
3325621149
3331391607
3331859091
3333875098
3334509555
3338410547
3340965946
3342419705
3342572266
3343676367
334447009
334547092
3346308527
3353589755
3357157672
335762299
336087959
336222916
336365966
3364026111
3364797635
3365758354
3368796531
3369400509
3369884859
3372608775
3373961079
3374196004
3376989459
3377617792
337910217
3383266840
3384331828
338750531
3387899889
3389344937
3393464925
3393468551
339624996
3397408437
339783821
3398263547
3398324739
3401501290
3402354983
3402869079
3408229007
341167403
3412618583
341502840
3419447771
3420019197
3423950685
3426813922
3431328970
3432491999
3436749303
3437646797
34467570
344742518
3456376583
3458208388
346258927
346893281
3473170637
347322703
3477052702
348295687
349102419
3492713116
3501872249
350201919
350202391
3502345889
350313624
3506032306
3513453375
352134851
3521482456
352572927
353498108
354696088
357655806
3590788515
359464680
360042859
3624386597
363087630
363851984
3653069125
365557199
366078213
366139744
3662508075
366278059
3666979108
367033221
367823289
3686977762
369658006
3697037836
370341833
370738949
3710888693
371751001
373295725
374616868
3750543741
375513058
3763306161
377320419
379282488
3793369396
380465219
380843201
380889972
3825884417
38403153
38417615
3846043337
3847517121
38603465
386241657
386656529
387772963
388082432
388421788
388957874
389386473
3916710699
392564608
3926381057
393839507
3952664009
3955688441
3963239235
396400912
396920895
398221298
398717199
398729851
399452428
3995492595
4000368435
4001198423
4012303169
4022839768
4032972880
4041408982
40423921
4045928141
405717977
405788884
407168866
4076767047
407708916
4082640767
4087688092
4095017296
4104054377
4105621137
410719122
410865822
4119661703
4138005005
414049716
414837960
4151126001
415712383
416230695
416468956
417883020
417899836
4179703217
4180224683
4193307393
419520107
4209295991
4212339436
4215452835
422086639
42290414
4236177557
4241666795
4250741278
4251702742
4252529596
425331893
425643942
4257607917
4265666434
4268305467
426915424
4276732815
4277759902
4279577062
4283591055
42895795
429135739
4300777473
430114868
4304521276
4308401008
431570468
431588878
432321613
432342387
4325863167
4330130553
433139786
433361355
433919975
4353282621
436265418
437007104
437322748
438453183
438522003
4385713097
440617993
440977410
4413665297
441766081
4437257297
443752820
4441267337
44434421
44455798
4452923781
4456885576
445712870
4463479054
4480889848
4483467094
4489301477
449063412
4497395835
451197780
452870054
452912748
453250567
453801386
453924298
4539404433
454409111
455740048
456862346
4576139001
458330099
4587906748
4604769045
460994288
4611786328
461605628
4618508965
4621684516
462924560
463235598
4636134934
4636692556
464483935
4652489535
467753053
4680835146
4684437307
4689512318
4689725059
469532100
4703705861
472577804
4737459501
4738163560
4746811407
475031044
4753100609
47581890
475980198
4765737627
4765912467
4766605744
4769299200
478062040
4783129596
4784526367
4786342881
4788692237
4792494015
4793137703
479576208
479597773
4807084756
4818858328
4828654024
482921703
4829511657
4836102202
4837980514
483853850
4839932799
4842513316
4846854027
4849511085
4851690814
48538519
4854439132
4856813693
4865131367
4866976457
4869452585
4869855615
4872472103
4875111479
487838364
4881626537
4892712215
4894793776
4895896288
4901453537
490556588
4909208297
4912845845
4919552572
4924795030
4925095377
493408718
493588285
493888057
493888461
495296087
497879110
499005936
499080986
500509622
502101221
502724553
504299258
50575611
506187582
508067891
50817590
508877140
510413003
517260555
517472587
52038773
521113641
521188745
522507545
524238213
526773425
52801795
531094316
53135691
531980218
539474871
54008672
544193879
54493013
546179551
54819570
548576176
550217634
550834096
554782676
556788305
562284577
566223013
570737881
57129350
571934729
577444662
586378126
588370927
589207267
589265796
593158852
593725176
59436432
594468320
594613064
595608156
597511672
59787787
598088369
600178730
601197654
60143196
602577935
604549379
60495850
606316909
606596881
612462935
612802359
615422017
6160392
618570964
619466163
619725359
62100016
623609854
626586664
629171135
631249863
631307742
631487124
633080005
633185463
633736061
64362861
69557722
696417399642398720
698435280202821632
698939136720379906
699363745701748736
700778930853302272
701475538423169025
703617265565048832
703873030536237056
703940900016226304
704756665
706746290
707114798291554304
707228961412136961
707585691207802882
707947301801758720
708620265387859968
708894993579184128
708924863587741696
708986996845355008
709099768182657024
710559811067363328
710724465760575489
710950734
711192586850070529
711206175
712044059817332736
712252618408640512
712253126988996608
712316827792228352
712560543203258368
712614167874781184
712925941492748288
712950363037499392
713487671994228738
713520688934612992
713564946416738304
713632907521343488
714127980625264642
714170792557281280
714452570232733696
714514576
714544499167465472
714717704079466497
715547426082398208
716465871
717327540877189122
717370266989551616
718447722601295872
719446520408444928
719486052675821568
721594708762501120
721655794303922176
722006021217128448
723465781544099840
723993821814657024
724595076048011264
725382561770442752
726830786
728328394652434432
729227172217552900
730867854
731502939899105280
731514105144745984
731750501201678336
731777001153957888
73211498
732333995837534208
732385671961300992
73251056
732753350
733892760776802306
734611064
735155893
735367354000015362
736160569175248896
73658515
737632805388189696
738327246067400705
738861893033529345
74002224
741236703873138688
741649038458687488
741692315589349376
741735723611660288
742074858524315648
742269527287836672
742595215085735937
742654729151520768
743118506
743807519080976384
744031442590638080
744922446432608256
744964809414807553
746840525454610432
748132285728366592
748177771105501184
74820104
748247367456010245
748857703548776448
74981991
749941644640849920
750724313519648768
750724638737567744
751306914
752077616144850944
752176015795953664
752658720425844737
752954644071084033
753736010
753883164679045120
753932045655613440
754702819
75527989
755501147830513664
755693328579035136
755983927362383872
756176427800727552
756429903134949377
756460281765761024
756582139076964352
757891781845520384
758584166539722753
758704861689090050
759328226
760578070470328320
762224605
762316450954637312
762511420164419584
762764846249177088
763006218826907648
763418767309279232
763858337515630593
764410252280332288
76590501
766294492907528192
766937618873540609
767643436732284928
768037081352380416
768472918556762112
768705198382419968
769456574993731585
769620521700954112
77052355
770553512916844544
771005683932205056
771352973742075904
771574729
771781930337599489
773094142469611520
774346655386759171
777097418659758080
777567003556974592
778619082803388416
779293515415248896
779377380565590017
779729118959177728
780135605258883072
780760008438841344
781563246620860416
782113761859600385
787692656
788380424993140736
78862466
788804245965373440
789169202745647104
789267161990782976
789439044375707649
789771553428865024
790234805250232321
790820658196381696
791185360789307392
791238004849446912
791356077614964736
79156428
793026689920016385
793161474185232385
793814683291705344
794290230404771844
794600959041302528
794990764333944832
795203101368217600
795652067914379264
796291773362536449
796422258310971393
796990110684348416
797340968919957504
79740585
798563486481707008
798567317366046720
79856782
799910741025361924
800349202274365441
801321228908826624
801421664345063424
801772511105056769
802483625275129857
802822339557781504
802928033749463040
802978381184823297
805078780591165440
80602273
806191616629280768
806645402
806906277242802176
807302916
808807772129214464
809053623934140416
809063733611925504
809749754670383104
810827498887987200
810889195212435456
811125074866688000
811147161857622020
811480378049499136
811674134505721856
811886528247058432
811910732140908544
812735830557134848
813038007209103360
813111243640885248
814888698781306881
815942890392342529
816223505633124352
817359338461425664
818169083346690048
818237179713519620
818942861077086210
819511882650439681
819525218200907776
820106226
820171111220527104
820316090194595840
820320081032921088
820367643756687361
82061656
820777550347636736
821329522763120640
821426020280651777
822016465
822414953441357827
822844900706254848
822888897210355712
823749578063310848
824179733931950080
824357420118011904
824525660546801664
824711011
825611545
825694813085372418
826138335781462018
826206907
826460197162012673
826696383545630720
826838198018048002
827634959259201536
828372874234834947
828996264872247296
829147965113536514
829671115517726722
829725506165682177
829727489832394752
830874536337870849
832549563605065729
833428071076204545
833511063077400577
83379004
834102978764238852
834273161302638592
835099857371205633
835154297969074178
835466236951687168
835800896483262464
835868262
836864849963597824
836904803229970433
836908042910322690
836971341995704320
837769290958897152
838837889844842496
83948261
839526828
839527753
839625269640065031
840622936344154112
840673069630930944
840675313285791744
841303991501934592
843444158668967937
843546620675416065
843816749501841409
843907456107515909
843976434
844221001
844325884131753984
844959471117971459
845751247978270721
845787541525663745
845921299
84607645
847040839910068226
848311516822736897
849226906495053826
849622583532236800
849926393324556288
850578045970862080
850616730225344512
854398510476734464
854450140719001605
854804578960912384
859373201314459648
860383761384579072
861225530129096704
862535549499912192
862759289261260800
863475862729052160
864081891951095808
864420836270362624
864433394310107136
864724535173681152
864767035796017152
864775023835455488
864785759424966656
864792599542063104
864856347355095041
865136118915792897
865200669636087809
865494802992832512
865560968125849601
865587218634743808
865620432938037248
865621311795609600
865672048076627968
865823778785329152
865838609047441408
865852346177380352
865868602494287873
865968428389203968
865968912214708224
866025059688882176
866296157177352192
866389836625793026
866592290768400384
866666134799601666
867034023096455168
867772761896140800
867775548638076928
867995389219045376
868070672039383040
868750200072011776
869270338504454147
869598187098578944
870340323926519808
870393204570566657
871085703848964097
871128953603317761
871422583329234944
871668597055160320
871776414961475584
871781920757166081
872142609178914818
872182436
873282609874444293
874356993523425280
875021504303570945
875712878615175169
875734808110014464
876138153429651456
876362037001154560
876812978234036225
877229213618761729
877518072768323584
877574695612239872
877634454122106881
878276125029478400
878785783
879281823003680768
879660885505126400
879681620051099650
880486723326812160
881385858397548544
881415817623216128
881438155785859074
881622005338034176
881888212112822272
882281335536181249
882612106276872194
882629663327170563
883575419613708289
883830384760410112
885115264005787648
885194022842765312
885425731521699841
885591785304715265
886118298
88635636
886855607713759234
888069640185942016
888315373543710720
888347005378064384
888399228720082949
889015269531824128
889203444040564736
889364530127663110
889875324707667968
890115021384167425
890563491475726337
890829145
890937009723899904
891021081280163841
891167149972213760
891197376140103680
891284165915799553
891380232288178176
891534732118380544
891654543783735296
892095379138895872
892421426665357312
892727051576381440
892741341708521472
893101981312724992
893823714483204097
893890135582007296
893976860341800970
894159250930446336
894790042341736448
894949225179557889
895569593569292289
896078826354208768
896430861691781120
896679395145986051
896679856511045632
897467868
897468308085190657
897693175342653441
897890304992399376
898097870
898204791712698368
898213764914434050
899288996731400193
899610775
900430954610774018
901375928407924737
901867195277463553
902283593283710977
903465611346436097
903569796
903810876
904063907714797568
904265475194064897
904367013786787840
905380351316549633
905463893170020354
905872160622817280
906062656150306816
906352266730508289
907192901477785600
907521748236632064
907587067277963264
907712754768683008
907866789719273473
908038923317850113
908791941718003714
909078062263922688
909184848056733707
909490663590375424
910231122390536192
910446558092677120
910495050857148416
911696451952095232
911906638256328704
912253274
912429521000910848
912749005767086080
913208876803207168
913364509871439872
913703135595638785
914013598816641025
914472642698194946
914850932873138181
914852216
915157206911381504
915330545890025473
91614786
916357197361221632
916438998
917005957850427392
917077254303354881
917118885387698176
917417705430544392
917570510833242112
917832639192731648
918023623885185024
919259685269704704
919374002312941568
919680973
919891673311842304
919986147127975937
920268347987693568
920362737993166848
921298767915216896
921411433077837824
921637074
921818579896557569
921884564
922139040211787776
922163934643281920
922833492601442305
922872750
924219017648320513
924396693944176640
925093983176585216
925405358
925769066874396673
92578000
926163809039011841
926378612
927092293
927630288
927977241090379776
928406856
929283795865473024
929388209586483201
929398615025639424
930446300780400641
930457934
930537541643759616
931524842
932101381
932266988331773954
932476470
933415172139569159
934095906
934152631097929734
934833721710206977
935247838358966273
935519014280990720
935802378091204609
935861173832048640
936185779587637248
936335687145656322
936714004591988736
937300068637511682
937367496084066304
937457191291891714
937688580
939548838142111746
939912982301167617
94057885
940664460712251392
941006107
941229578445520896
94145835
941975327126978561
942137771921215488
942860222003122176
943084634254008321
943481795470864386
943926027260133378
944625596344225793
945352762736431109
946835246389104640
947191708701339648
947753417396703233
948191125529034752
948606955450519552
949727318808891392
951115603779178497
951482241514967040
951575989078908928
951580462664830976
952449544381521921
952538120720928769
952623492
952764238388449280
953453056187871233
953884503658901504
954269383613976576
954442359164588033
954497854843838465
954687319
95500049
956160966772830210
956752508
956829750491865088
957441810166636544
957578484972425216
957648461649899520
958048208198033413
958335289373708288
958355857519136768
959449724964298753
959463315767549952
959876742973480961
960390567938191361
960568590197051393
960742851201175552
961527716959916032
962049950845583360
96215272
962343048918257664
962362934381989890
962466522542366722
963100038
963169473997037570
963275961088335872
963917115488133121
964000682545205248
965149240979804160
965366792410533889
965578959239999488
966277769884729344
966303391965204480
966313416251068417
966348489897730048
966419709578051585
967047927708504065
967181215353761792
967375002550132736
967720506412675072
967769439755296769
967945483
968072059870949376
968225306866831360
968407145405349888
968531615868686336
968873445193895936
969106192424423424
969572018038468611
969897170416611334
970014073906745345
970035642095644672
970210484845727745
97060258
971779160816472064
972512533549666304
972556460860346373
972773550544359424
973225082121342983
973414331542011905
97449604
974565408094212096
97518416
975452999467364356
975486205985992706
975743856707866628
976043030942806016
976192406264668164
976921271152906240
977217461736148993
977316037975793664
977444042098331648
977580136894730240
977617823827668993
977815676739096576
978290897665245184
978301195851849728
978305197620506624
978310939333324801
979452011874803712
979724661624856576
980077782662369281
980330529391333378
980355449731080193
980673768128466944
980808431207624704
980983838
981056812303683584
981070466
981835154221084672
981915218153541632
982019106428936192
983045451749437440
983390603202514945
983979906634788864
984046386902683648
984168706921164800
984423559102652416
984448870930411520
984692228273655808
984745951226146817
985078841369661440
985275423205613569
985859190571847680
986155795292282880
986263527584403456
986412611788050432
986655064868737025
986836962752462848
986960255753031680
986978617585487873
988066741812125697
988481982
988525072032915457
988826504514719746
988863969405304832
989534626686427139
989615123466768384
990150738130202624
990697913545318401
990716603825258496
990739781066809344
990854277722722304
990913244020838400
990935191811186690
991344844785311745
991367792082419712
992046136239312896
992790047207309313
992808800020303872
993109555184898048
993127212810489856
993365200555438080
993467356113457156
993487912988807169
993749082501009409
994214349794369537
994857865860059136
994898043576176640
995028871354441730
995644772
996003070197862401
996052569280696320
996889446
99716012
997976615912124416
998569145015984129
1017734124000464896
1018526996945604609
1022546252905566209
397216885
2396692748
767276568234319872
1087761995439525890
546747757
3295230548
1121276469790085122
3349092262
979694431547904000
249679007
1120733790870151168
2314789648
1148549783142961153
2262465030
2305438717
1161691589217071104
1305671942
284520853
1668670532
1111162928386969600
3081308812
2902241649
1153226882520891392
2563417303
2990671233
1162099975314137089
1121864473873088512
1069635578638098435
723949193786732545
865648316654026752
876480936514379776
1167059164067192834
1082279150868664320
440370375
1005458541753389057
1153914049115172864
300942461
780012872
555150869
832577430892191745
1028049379
1029039859435008000
1032608136513896460
1032651448952283137
1032883129873326080
1032911957920309248
1032979499204444161
1032980742027010048
1032985827805147138
1033252971897860096
1033394069127487488
1033976631050809344
1034146641991872512
1034326839572013056
1034673626379898880
1035005573517979648
1035032898129276934
1035077474508529664
1035231529620959233
1035685208865951744
1035946920022364160
1035955095182237697
1035958970224205824
1036009212290187264
1036152835761688576
1036174332022677504
1036178461201756161
1036266902157492224
1036467901753110528
1036571500516651008
1036644304381468672
1044795644
1063848167479885824
1066787438822154256
1066817368935079936
1072210995895042050
1085971497385111552
1088552757508886531
1094335578924032003
1102998036593164290
1105522164340539393
1111929973202399233
1112335533450190849
1113521621132828673
1116760362102206467
1120252780202156033
1121052233024585729
1121779205480558592
1122911089040216066
1124934068406235138
1125022294525587456
1132903953094586368
1133672214199504897
1138099909469659137
1149660575141638144
1153512856081567745
1154744079638552576
1160155954748514304
1160255361665896448
1160324104056123393
1161990844372738048
1163006081657950208
1165245429828804608
1166813564369285120
1169601590141083649
1235218232
1238795095
1484396900
1492437175
1580013008
1607965471
17777147
178683913
1898037668
197535135
218475810
2218290385
2228120213
2228456959
2233059612
2236636345
2250759894
2270605442
2302976677
2351382632
2354091006
2358493146
2360997048
2362710132
2364550092
2368652342
2373341865
2385742148
2415071900
244619286
2453418451
2485322911
2489506268
254989631
2552681718
2558305735
2570348904
2577159514
2587620985
2609315898
2649032730
2675233433
2723096867
2724061990
2724403815
2753633908
2753776637
2755107565
2776601347
2777105731
2780763650
2780974566
2784624247
2796843067
2822291779
2833027197
2848736644
2860039757
2886744621
2895411747
2900488546
2936863258
2980766980
2989287418
2991641343
303783728
303880232
3091508554
3091674999
3108660795
3224063241
323276367
3241712678
3288847930
329254818
3342045725
341478744
365686352
3700468456
3796649686
381937145
402203787
4041058581
422226127
4381145357
467260443
470501105
478969539
482691122
545363343
54606242
60827427
630967720
701557958954496001
710368044195966980
75612909
759030796799860736
762981351972859905
763366613982806016
806191616629280768
806464692797456384
831183891708964864
831466132884353024
833329138618466304
868876556965470208
870992224238145536
876419256174432256
878032137496252417
888693994372333568
905035479539699716
915990637459251200
919976959559520257
923920592
925751570
927521048
927988943777423360
933230544602714112
939089699804762112
941627254504935424
946489145534361600
948530711413383168
949011860103290880
954433437150208001
965529224344940544
965625080603729920
966978768257634304
987782193555628033
994442899042562048
99459544
997181823443722240
997188456521650177